11001100110011001100000000000000
11001100110011001100000000000001
11001100110011001100000000000010
11001100110011001100000000000011
11001100110011001100000000000100
11001100110011001100000000000101
11001100110011001100000000000110
11001100110011001100000000000111
11001100110011001100000000001000
11001100110011001100000000001001
11001100110011001100000000001010
11001100110011001100000000001011
11001100110011001100000000001100
11001100110011001100000000001101
11001100110011001100000000001110
11001100110011001100000000001111
11001100110011001100000000010000
11001100110011001100000000010001
11001100110011001100000000010010
11001100110011001100000000010011
11001100110011001100000000010100
11001100110011001100000000010101
11001100110011001100000000010110
11001100110011001100000000010111
11001100110011001100000000011000
11001100110011001100000000011001
11001100110011001100000000011010
11001100110011001100000000011011
11001100110011001100000000011100
11001100110011001100000000011101
11001100110011001100000000011110
11001100110011001100000000011111
11001100110011001100000000100000
11001100110011001100000000100001
11001100110011001100000000100010
11001100110011001100000000100011
11001100110011001100000000100100
11001100110011001100000000100101
11001100110011001100000000100110
11001100110011001100000000100111
11001100110011001100000000101000
11001100110011001100000000101001
11001100110011001100000000101010
11001100110011001100000000101011
11001100110011001100000000101100
11001100110011001100000000101101
11001100110011001100000000101110
11001100110011001100000000101111
11001100110011001100000000110000
11001100110011001100000000110001
11001100110011001100000000110010
11001100110011001100000000110011
11001100110011001100000000110100
11001100110011001100000000110101
11001100110011001100000000110110
11001100110011001100000000110111
11001100110011001100000000111000
11001100110011001100000000111001
11001100110011001100000000111010
11001100110011001100000000111011
11001100110011001100000000111100
11001100110011001100000000111101
11001100110011001100000000111110
11001100110011001100000000111111
11001100110011001100000001000000
11001100110011001100000001000001
11001100110011001100000001000010
11001100110011001100000001000011
11001100110011001100000001000100
11001100110011001100000001000101
11001100110011001100000001000110
11001100110011001100000001000111
11001100110011001100000001001000
11001100110011001100000001001001
11001100110011001100000001001010
11001100110011001100000001001011
11001100110011001100000001001100
11001100110011001100000001001101
11001100110011001100000001001110
11001100110011001100000001001111
11001100110011001100000001010000
11001100110011001100000001010001
11001100110011001100000001010010
11001100110011001100000001010011
11001100110011001100000001010100
11001100110011001100000001010101
11001100110011001100000001010110
11001100110011001100000001010111
11001100110011001100000001011000
11001100110011001100000001011001
11001100110011001100000001011010
11001100110011001100000001011011
11001100110011001100000001011100
11001100110011001100000001011101
11001100110011001100000001011110
11001100110011001100000001011111
11001100110011001100000001100000
11001100110011001100000001100001
11001100110011001100000001100010
11001100110011001100000001100011
11001100110011001100000001100100
11001100110011001100000001100101
11001100110011001100000001100110
11001100110011001100000001100111
11001100110011001100000001101000
11001100110011001100000001101001
11001100110011001100000001101010
11001100110011001100000001101011
11001100110011001100000001101100
11001100110011001100000001101101
11001100110011001100000001101110
11001100110011001100000001101111
11001100110011001100000001110000
11001100110011001100000001110001
11001100110011001100000001110010
11001100110011001100000001110011
11001100110011001100000001110100
11001100110011001100000001110101
11001100110011001100000001110110
11001100110011001100000001110111
11001100110011001100000001111000
11001100110011001100000001111001
11001100110011001100000001111010
11001100110011001100000001111011
11001100110011001100000001111100
11001100110011001100000001111101
11001100110011001100000001111110
11001100110011001100000001111111
11001100110011001100000010000000
11001100110011001100000010000001
11001100110011001100000010000010
11001100110011001100000010000011
11001100110011001100000010000100
11001100110011001100000010000101
11001100110011001100000010000110
11001100110011001100000010000111
11001100110011001100000010001000
11001100110011001100000010001001
11001100110011001100000010001010
11001100110011001100000010001011
11001100110011001100000010001100
11001100110011001100000010001101
11001100110011001100000010001110
11001100110011001100000010001111
11001100110011001100000010010000
11001100110011001100000010010001
11001100110011001100000010010010
11001100110011001100000010010011
11001100110011001100000010010100
11001100110011001100000010010101
11001100110011001100000010010110
11001100110011001100000010010111
11001100110011001100000010011000
11001100110011001100000010011001
11001100110011001100000010011010
11001100110011001100000010011011
11001100110011001100000010011100
11001100110011001100000010011101
11001100110011001100000010011110
11001100110011001100000010011111
11001100110011001100000010100000
11001100110011001100000010100001
11001100110011001100000010100010
11001100110011001100000010100011
11001100110011001100000010100100
11001100110011001100000010100101
11001100110011001100000010100110
11001100110011001100000010100111
11001100110011001100000010101000
11001100110011001100000010101001
11001100110011001100000010101010
11001100110011001100000010101011
11001100110011001100000010101100
11001100110011001100000010101101
11001100110011001100000010101110
11001100110011001100000010101111
11001100110011001100000010110000
11001100110011001100000010110001
11001100110011001100000010110010
11001100110011001100000010110011
11001100110011001100000010110100
11001100110011001100000010110101
11001100110011001100000010110110
11001100110011001100000010110111
11001100110011001100000010111000
11001100110011001100000010111001
11001100110011001100000010111010
11001100110011001100000010111011
11001100110011001100000010111100
11001100110011001100000010111101
11001100110011001100000010111110
11001100110011001100000010111111
11001100110011001100000011000000
11001100110011001100000011000001
11001100110011001100000011000010
11001100110011001100000011000011
11001100110011001100000011000100
11001100110011001100000011000101
11001100110011001100000011000110
11001100110011001100000011000111
11001100110011001100000011001000
11001100110011001100000011001001
11001100110011001100000011001010
11001100110011001100000011001011
11001100110011001100000011001100
11001100110011001100000011001101
11001100110011001100000011001110
11001100110011001100000011001111
11001100110011001100000011010000
11001100110011001100000011010001
11001100110011001100000011010010
11001100110011001100000011010011
11001100110011001100000011010100
11001100110011001100000011010101
11001100110011001100000011010110
11001100110011001100000011010111
11001100110011001100000011011000
11001100110011001100000011011001
11001100110011001100000011011010
11001100110011001100000011011011
11001100110011001100000011011100
11001100110011001100000011011101
11001100110011001100000011011110
11001100110011001100000011011111
11001100110011001100000011100000
11001100110011001100000011100001
11001100110011001100000011100010
11001100110011001100000011100011
11001100110011001100000011100100
11001100110011001100000011100101
11001100110011001100000011100110
11001100110011001100000011100111
11001100110011001100000011101000
11001100110011001100000011101001
11001100110011001100000011101010
11001100110011001100000011101011
11001100110011001100000011101100
11001100110011001100000011101101
11001100110011001100000011101110
11001100110011001100000011101111
11001100110011001100000011110000
11001100110011001100000011110001
11001100110011001100000011110010
11001100110011001100000011110011
11001100110011001100000011110100
11001100110011001100000011110101
11001100110011001100000011110110
11001100110011001100000011110111
11001100110011001100000011111000
11001100110011001100000011111001
11001100110011001100000011111010
11001100110011001100000011111011
11001100110011001100000011111100
11001100110011001100000011111101
11001100110011001100000011111110
11001100110011001100000011111111
11001100110011001100000100000000
11001100110011001100000100000001
11001100110011001100000100000010
11001100110011001100000100000011
11001100110011001100000100000100
11001100110011001100000100000101
11001100110011001100000100000110
11001100110011001100000100000111
11001100110011001100000100001000
11001100110011001100000100001001
11001100110011001100000100001010
11001100110011001100000100001011
11001100110011001100000100001100
11001100110011001100000100001101
11001100110011001100000100001110
11001100110011001100000100001111
11001100110011001100000100010000
11001100110011001100000100010001
11001100110011001100000100010010
11001100110011001100000100010011
11001100110011001100000100010100
11001100110011001100000100010101
11001100110011001100000100010110
11001100110011001100000100010111
11001100110011001100000100011000
11001100110011001100000100011001
11001100110011001100000100011010
11001100110011001100000100011011
11001100110011001100000100011100
11001100110011001100000100011101
11001100110011001100000100011110
11001100110011001100000100011111
11001100110011001100000100100000
11001100110011001100000100100001
11001100110011001100000100100010
11001100110011001100000100100011
11001100110011001100000100100100
11001100110011001100000100100101
11001100110011001100000100100110
11001100110011001100000100100111
11001100110011001100000100101000
11001100110011001100000100101001
11001100110011001100000100101010
11001100110011001100000100101011
11001100110011001100000100101100
11001100110011001100000100101101
11001100110011001100000100101110
11001100110011001100000100101111
11001100110011001100000100110000
11001100110011001100000100110001
11001100110011001100000100110010
11001100110011001100000100110011
11001100110011001100000100110100
11001100110011001100000100110101
11001100110011001100000100110110
11001100110011001100000100110111
11001100110011001100000100111000
11001100110011001100000100111001
11001100110011001100000100111010
11001100110011001100000100111011
11001100110011001100000100111100
11001100110011001100000100111101
11001100110011001100000100111110
11001100110011001100000100111111
11001100110011001100000101000000
11001100110011001100000101000001
11001100110011001100000101000010
11001100110011001100000101000011
11001100110011001100000101000100
11001100110011001100000101000101
11001100110011001100000101000110
11001100110011001100000101000111
11001100110011001100000101001000
11001100110011001100000101001001
11001100110011001100000101001010
11001100110011001100000101001011
11001100110011001100000101001100
11001100110011001100000101001101
11001100110011001100000101001110
11001100110011001100000101001111
11001100110011001100000101010000
11001100110011001100000101010001
11001100110011001100000101010010
11001100110011001100000101010011
11001100110011001100000101010100
11001100110011001100000101010101
11001100110011001100000101010110
11001100110011001100000101010111
11001100110011001100000101011000
11001100110011001100000101011001
11001100110011001100000101011010
11001100110011001100000101011011
11001100110011001100000101011100
11001100110011001100000101011101
11001100110011001100000101011110
11001100110011001100000101011111
11001100110011001100000101100000
11001100110011001100000101100001
11001100110011001100000101100010
11001100110011001100000101100011
11001100110011001100000101100100
11001100110011001100000101100101
11001100110011001100000101100110
11001100110011001100000101100111
11001100110011001100000101101000
11001100110011001100000101101001
11001100110011001100000101101010
11001100110011001100000101101011
11001100110011001100000101101100
11001100110011001100000101101101
11001100110011001100000101101110
11001100110011001100000101101111
11001100110011001100000101110000
11001100110011001100000101110001
11001100110011001100000101110010
11001100110011001100000101110011
11001100110011001100000101110100
11001100110011001100000101110101
11001100110011001100000101110110
11001100110011001100000101110111
11001100110011001100000101111000
11001100110011001100000101111001
11001100110011001100000101111010
11001100110011001100000101111011
11001100110011001100000101111100
11001100110011001100000101111101
11001100110011001100000101111110
11001100110011001100000101111111
11001100110011001100000110000000
11001100110011001100000110000001
11001100110011001100000110000010
11001100110011001100000110000011
11001100110011001100000110000100
11001100110011001100000110000101
11001100110011001100000110000110
11001100110011001100000110000111
11001100110011001100000110001000
11001100110011001100000110001001
11001100110011001100000110001010
11001100110011001100000110001011
11001100110011001100000110001100
11001100110011001100000110001101
11001100110011001100000110001110
11001100110011001100000110001111
11001100110011001100000110010000
11001100110011001100000110010001
11001100110011001100000110010010
11001100110011001100000110010011
11001100110011001100000110010100
11001100110011001100000110010101
11001100110011001100000110010110
11001100110011001100000110010111
11001100110011001100000110011000
11001100110011001100000110011001
11001100110011001100000110011010
11001100110011001100000110011011
11001100110011001100000110011100
11001100110011001100000110011101
11001100110011001100000110011110
11001100110011001100000110011111
11001100110011001100000110100000
11001100110011001100000110100001
11001100110011001100000110100010
11001100110011001100000110100011
11001100110011001100000110100100
11001100110011001100000110100101
11001100110011001100000110100110
11001100110011001100000110100111
11001100110011001100000110101000
11001100110011001100000110101001
11001100110011001100000110101010
11001100110011001100000110101011
11001100110011001100000110101100
11001100110011001100000110101101
11001100110011001100000110101110
11001100110011001100000110101111
11001100110011001100000110110000
11001100110011001100000110110001
11001100110011001100000110110010
11001100110011001100000110110011
11001100110011001100000110110100
11001100110011001100000110110101
11001100110011001100000110110110
11001100110011001100000110110111
11001100110011001100000110111000
11001100110011001100000110111001
11001100110011001100000110111010
11001100110011001100000110111011
11001100110011001100000110111100
11001100110011001100000110111101
11001100110011001100000110111110
11001100110011001100000110111111
11001100110011001100000111000000
11001100110011001100000111000001
11001100110011001100000111000010
11001100110011001100000111000011
11001100110011001100000111000100
11001100110011001100000111000101
11001100110011001100000111000110
11001100110011001100000111000111
11001100110011001100000111001000
11001100110011001100000111001001
11001100110011001100000111001010
11001100110011001100000111001011
11001100110011001100000111001100
11001100110011001100000111001101
11001100110011001100000111001110
11001100110011001100000111001111
11001100110011001100000111010000
11001100110011001100000111010001
11001100110011001100000111010010
11001100110011001100000111010011
11001100110011001100000111010100
11001100110011001100000111010101
11001100110011001100000111010110
11001100110011001100000111010111
11001100110011001100000111011000
11001100110011001100000111011001
11001100110011001100000111011010
11001100110011001100000111011011
11001100110011001100000111011100
11001100110011001100000111011101
11001100110011001100000111011110
11001100110011001100000111011111
11001100110011001100000111100000
11001100110011001100000111100001
11001100110011001100000111100010
11001100110011001100000111100011
11001100110011001100000111100100
11001100110011001100000111100101
11001100110011001100000111100110
11001100110011001100000111100111
11001100110011001100000111101000
11001100110011001100000111101001
11001100110011001100000111101010
11001100110011001100000111101011
11001100110011001100000111101100
11001100110011001100000111101101
11001100110011001100000111101110
11001100110011001100000111101111
11001100110011001100000111110000
11001100110011001100000111110001
11001100110011001100000111110010
11001100110011001100000111110011
11001100110011001100000111110100
11001100110011001100000111110101
11001100110011001100000111110110
11001100110011001100000111110111
11001100110011001100000111111000
11001100110011001100000111111001
11001100110011001100000111111010
11001100110011001100000111111011
11001100110011001100000111111100
11001100110011001100000111111101
11001100110011001100000111111110
11001100110011001100000111111111
11001100110011001100001000000000
11001100110011001100001000000001
11001100110011001100001000000010
11001100110011001100001000000011
11001100110011001100001000000100
11001100110011001100001000000101
11001100110011001100001000000110
11001100110011001100001000000111
11001100110011001100001000001000
11001100110011001100001000001001
11001100110011001100001000001010
11001100110011001100001000001011
11001100110011001100001000001100
11001100110011001100001000001101
11001100110011001100001000001110
11001100110011001100001000001111
11001100110011001100001000010000
11001100110011001100001000010001
11001100110011001100001000010010
11001100110011001100001000010011
11001100110011001100001000010100
11001100110011001100001000010101
11001100110011001100001000010110
11001100110011001100001000010111
11001100110011001100001000011000
11001100110011001100001000011001
11001100110011001100001000011010
11001100110011001100001000011011
11001100110011001100001000011100
11001100110011001100001000011101
11001100110011001100001000011110
11001100110011001100001000011111
11001100110011001100001000100000
11001100110011001100001000100001
11001100110011001100001000100010
11001100110011001100001000100011
11001100110011001100001000100100
11001100110011001100001000100101
11001100110011001100001000100110
11001100110011001100001000100111
11001100110011001100001000101000
11001100110011001100001000101001
11001100110011001100001000101010
11001100110011001100001000101011
11001100110011001100001000101100
11001100110011001100001000101101
11001100110011001100001000101110
11001100110011001100001000101111
11001100110011001100001000110000
11001100110011001100001000110001
11001100110011001100001000110010
11001100110011001100001000110011
11001100110011001100001000110100
11001100110011001100001000110101
11001100110011001100001000110110
11001100110011001100001000110111
11001100110011001100001000111000
11001100110011001100001000111001
11001100110011001100001000111010
11001100110011001100001000111011
11001100110011001100001000111100
11001100110011001100001000111101
11001100110011001100001000111110
11001100110011001100001000111111
11001100110011001100001001000000
11001100110011001100001001000001
11001100110011001100001001000010
11001100110011001100001001000011
11001100110011001100001001000100
11001100110011001100001001000101
11001100110011001100001001000110
11001100110011001100001001000111
11001100110011001100001001001000
11001100110011001100001001001001
11001100110011001100001001001010
11001100110011001100001001001011
11001100110011001100001001001100
11001100110011001100001001001101
11001100110011001100001001001110
11001100110011001100001001001111
11001100110011001100001001010000
11001100110011001100001001010001
11001100110011001100001001010010
11001100110011001100001001010011
11001100110011001100001001010100
11001100110011001100001001010101
11001100110011001100001001010110
11001100110011001100001001010111
11001100110011001100001001011000
11001100110011001100001001011001
11001100110011001100001001011010
11001100110011001100001001011011
11001100110011001100001001011100
11001100110011001100001001011101
11001100110011001100001001011110
11001100110011001100001001011111
11001100110011001100001001100000
11001100110011001100001001100001
11001100110011001100001001100010
11001100110011001100001001100011
11001100110011001100001001100100
11001100110011001100001001100101
11001100110011001100001001100110
11001100110011001100001001100111
11001100110011001100001001101000
11001100110011001100001001101001
11001100110011001100001001101010
11001100110011001100001001101011
11001100110011001100001001101100
11001100110011001100001001101101
11001100110011001100001001101110
11001100110011001100001001101111
11001100110011001100001001110000
11001100110011001100001001110001
11001100110011001100001001110010
11001100110011001100001001110011
11001100110011001100001001110100
11001100110011001100001001110101
11001100110011001100001001110110
11001100110011001100001001110111
11001100110011001100001001111000
11001100110011001100001001111001
11001100110011001100001001111010
11001100110011001100001001111011
11001100110011001100001001111100
11001100110011001100001001111101
11001100110011001100001001111110
11001100110011001100001001111111
11001100110011001100001010000000
11001100110011001100001010000001
11001100110011001100001010000010
11001100110011001100001010000011
11001100110011001100001010000100
11001100110011001100001010000101
11001100110011001100001010000110
11001100110011001100001010000111
11001100110011001100001010001000
11001100110011001100001010001001
11001100110011001100001010001010
11001100110011001100001010001011
11001100110011001100001010001100
11001100110011001100001010001101
11001100110011001100001010001110
11001100110011001100001010001111
11001100110011001100001010010000
11001100110011001100001010010001
11001100110011001100001010010010
11001100110011001100001010010011
11001100110011001100001010010100
11001100110011001100001010010101
11001100110011001100001010010110
11001100110011001100001010010111
11001100110011001100001010011000
11001100110011001100001010011001
11001100110011001100001010011010
11001100110011001100001010011011
11001100110011001100001010011100
11001100110011001100001010011101
11001100110011001100001010011110
11001100110011001100001010011111
11001100110011001100001010100000
11001100110011001100001010100001
11001100110011001100001010100010
11001100110011001100001010100011
11001100110011001100001010100100
11001100110011001100001010100101
11001100110011001100001010100110
11001100110011001100001010100111
11001100110011001100001010101000
11001100110011001100001010101001
11001100110011001100001010101010
11001100110011001100001010101011
11001100110011001100001010101100
11001100110011001100001010101101
11001100110011001100001010101110
11001100110011001100001010101111
11001100110011001100001010110000
11001100110011001100001010110001
11001100110011001100001010110010
11001100110011001100001010110011
11001100110011001100001010110100
11001100110011001100001010110101
11001100110011001100001010110110
11001100110011001100001010110111
11001100110011001100001010111000
11001100110011001100001010111001
11001100110011001100001010111010
11001100110011001100001010111011
11001100110011001100001010111100
11001100110011001100001010111101
11001100110011001100001010111110
11001100110011001100001010111111
11001100110011001100001011000000
11001100110011001100001011000001
11001100110011001100001011000010
11001100110011001100001011000011
11001100110011001100001011000100
11001100110011001100001011000101
11001100110011001100001011000110
11001100110011001100001011000111
11001100110011001100001011001000
11001100110011001100001011001001
11001100110011001100001011001010
11001100110011001100001011001011
11001100110011001100001011001100
11001100110011001100001011001101
11001100110011001100001011001110
11001100110011001100001011001111
11001100110011001100001011010000
11001100110011001100001011010001
11001100110011001100001011010010
11001100110011001100001011010011
11001100110011001100001011010100
11001100110011001100001011010101
11001100110011001100001011010110
11001100110011001100001011010111
11001100110011001100001011011000
11001100110011001100001011011001
11001100110011001100001011011010
11001100110011001100001011011011
11001100110011001100001011011100
11001100110011001100001011011101
11001100110011001100001011011110
11001100110011001100001011011111
11001100110011001100001011100000
11001100110011001100001011100001
11001100110011001100001011100010
11001100110011001100001011100011
11001100110011001100001011100100
11001100110011001100001011100101
11001100110011001100001011100110
11001100110011001100001011100111
11001100110011001100001011101000
11001100110011001100001011101001
11001100110011001100001011101010
11001100110011001100001011101011
11001100110011001100001011101100
11001100110011001100001011101101
11001100110011001100001011101110
11001100110011001100001011101111
11001100110011001100001011110000
11001100110011001100001011110001
11001100110011001100001011110010
11001100110011001100001011110011
11001100110011001100001011110100
11001100110011001100001011110101
11001100110011001100001011110110
11001100110011001100001011110111
11001100110011001100001011111000
11001100110011001100001011111001
11001100110011001100001011111010
11001100110011001100001011111011
11001100110011001100001011111100
11001100110011001100001011111101
11001100110011001100001011111110
11001100110011001100001011111111
11001100110011001100001100000000
11001100110011001100001100000001
11001100110011001100001100000010
11001100110011001100001100000011
11001100110011001100001100000100
11001100110011001100001100000101
11001100110011001100001100000110
11001100110011001100001100000111
11001100110011001100001100001000
11001100110011001100001100001001
11001100110011001100001100001010
11001100110011001100001100001011
11001100110011001100001100001100
11001100110011001100001100001101
11001100110011001100001100001110
11001100110011001100001100001111
11001100110011001100001100010000
11001100110011001100001100010001
11001100110011001100001100010010
11001100110011001100001100010011
11001100110011001100001100010100
11001100110011001100001100010101
11001100110011001100001100010110
11001100110011001100001100010111
11001100110011001100001100011000
11001100110011001100001100011001
11001100110011001100001100011010
11001100110011001100001100011011
11001100110011001100001100011100
11001100110011001100001100011101
11001100110011001100001100011110
11001100110011001100001100011111
11001100110011001100001100100000
11001100110011001100001100100001
11001100110011001100001100100010
11001100110011001100001100100011
11001100110011001100001100100100
11001100110011001100001100100101
11001100110011001100001100100110
11001100110011001100001100100111
11001100110011001100001100101000
11001100110011001100001100101001
11001100110011001100001100101010
11001100110011001100001100101011
11001100110011001100001100101100
11001100110011001100001100101101
11001100110011001100001100101110
11001100110011001100001100101111
11001100110011001100001100110000
11001100110011001100001100110001
11001100110011001100001100110010
11001100110011001100001100110011
11001100110011001100001100110100
11001100110011001100001100110101
11001100110011001100001100110110
11001100110011001100001100110111
11001100110011001100001100111000
11001100110011001100001100111001
11001100110011001100001100111010
11001100110011001100001100111011
11001100110011001100001100111100
11001100110011001100001100111101
11001100110011001100001100111110
11001100110011001100001100111111
11001100110011001100001101000000
11001100110011001100001101000001
11001100110011001100001101000010
11001100110011001100001101000011
11001100110011001100001101000100
11001100110011001100001101000101
11001100110011001100001101000110
11001100110011001100001101000111
11001100110011001100001101001000
11001100110011001100001101001001
11001100110011001100001101001010
11001100110011001100001101001011
11001100110011001100001101001100
11001100110011001100001101001101
11001100110011001100001101001110
11001100110011001100001101001111
11001100110011001100001101010000
11001100110011001100001101010001
11001100110011001100001101010010
11001100110011001100001101010011
11001100110011001100001101010100
11001100110011001100001101010101
11001100110011001100001101010110
11001100110011001100001101010111
11001100110011001100001101011000
11001100110011001100001101011001
11001100110011001100001101011010
11001100110011001100001101011011
11001100110011001100001101011100
11001100110011001100001101011101
11001100110011001100001101011110
11001100110011001100001101011111
11001100110011001100001101100000
11001100110011001100001101100001
11001100110011001100001101100010
11001100110011001100001101100011
11001100110011001100001101100100
11001100110011001100001101100101
11001100110011001100001101100110
11001100110011001100001101100111
11001100110011001100001101101000
11001100110011001100001101101001
11001100110011001100001101101010
11001100110011001100001101101011
11001100110011001100001101101100
11001100110011001100001101101101
11001100110011001100001101101110
11001100110011001100001101101111
11001100110011001100001101110000
11001100110011001100001101110001
11001100110011001100001101110010
11001100110011001100001101110011
11001100110011001100001101110100
11001100110011001100001101110101
11001100110011001100001101110110
11001100110011001100001101110111
11001100110011001100001101111000
11001100110011001100001101111001
11001100110011001100001101111010
11001100110011001100001101111011
11001100110011001100001101111100
11001100110011001100001101111101
11001100110011001100001101111110
11001100110011001100001101111111
11001100110011001100001110000000
11001100110011001100001110000001
11001100110011001100001110000010
11001100110011001100001110000011
11001100110011001100001110000100
11001100110011001100001110000101
11001100110011001100001110000110
11001100110011001100001110000111
11001100110011001100001110001000
11001100110011001100001110001001
11001100110011001100001110001010
11001100110011001100001110001011
11001100110011001100001110001100
11001100110011001100001110001101
11001100110011001100001110001110
11001100110011001100001110001111
11001100110011001100001110010000
11001100110011001100001110010001
11001100110011001100001110010010
11001100110011001100001110010011
11001100110011001100001110010100
11001100110011001100001110010101
11001100110011001100001110010110
11001100110011001100001110010111
11001100110011001100001110011000
11001100110011001100001110011001
11001100110011001100001110011010
11001100110011001100001110011011
11001100110011001100001110011100
11001100110011001100001110011101
11001100110011001100001110011110
11001100110011001100001110011111
11001100110011001100001110100000
11001100110011001100001110100001
11001100110011001100001110100010
11001100110011001100001110100011
11001100110011001100001110100100
11001100110011001100001110100101
11001100110011001100001110100110
11001100110011001100001110100111
11001100110011001100001110101000
11001100110011001100001110101001
11001100110011001100001110101010
11001100110011001100001110101011
11001100110011001100001110101100
11001100110011001100001110101101
11001100110011001100001110101110
11001100110011001100001110101111
11001100110011001100001110110000
11001100110011001100001110110001
11001100110011001100001110110010
11001100110011001100001110110011
11001100110011001100001110110100
11001100110011001100001110110101
11001100110011001100001110110110
11001100110011001100001110110111
11001100110011001100001110111000
11001100110011001100001110111001
11001100110011001100001110111010
11001100110011001100001110111011
11001100110011001100001110111100
11001100110011001100001110111101
11001100110011001100001110111110
11001100110011001100001110111111
11001100110011001100001111000000
11001100110011001100001111000001
11001100110011001100001111000010
11001100110011001100001111000011
11001100110011001100001111000100
11001100110011001100001111000101
11001100110011001100001111000110
11001100110011001100001111000111
11001100110011001100001111001000
11001100110011001100001111001001
11001100110011001100001111001010
11001100110011001100001111001011
11001100110011001100001111001100
11001100110011001100001111001101
11001100110011001100001111001110
11001100110011001100001111001111
11001100110011001100001111010000
11001100110011001100001111010001
11001100110011001100001111010010
11001100110011001100001111010011
11001100110011001100001111010100
11001100110011001100001111010101
11001100110011001100001111010110
11001100110011001100001111010111
11001100110011001100001111011000
11001100110011001100001111011001
11001100110011001100001111011010
11001100110011001100001111011011
11001100110011001100001111011100
11001100110011001100001111011101
11001100110011001100001111011110
11001100110011001100001111011111
11001100110011001100001111100000
11001100110011001100001111100001
11001100110011001100001111100010
11001100110011001100001111100011
11001100110011001100001111100100
11001100110011001100001111100101
11001100110011001100001111100110
11001100110011001100001111100111
11001100110011001100001111101000
11001100110011001100001111101001
11001100110011001100001111101010
11001100110011001100001111101011
11001100110011001100001111101100
11001100110011001100001111101101
11001100110011001100001111101110
11001100110011001100001111101111
11001100110011001100001111110000
11001100110011001100001111110001
11001100110011001100001111110010
11001100110011001100001111110011
11001100110011001100001111110100
11001100110011001100001111110101
11001100110011001100001111110110
11001100110011001100001111110111
11001100110011001100001111111000
11001100110011001100001111111001
11001100110011001100001111111010
11001100110011001100001111111011
11001100110011001100001111111100
11001100110011001100001111111101
11001100110011001100001111111110
11001100110011001100001111111111
11001100110011001100010000000000
11001100110011001100010000000001
11001100110011001100010000000010
11001100110011001100010000000011
11001100110011001100010000000100
11001100110011001100010000000101
11001100110011001100010000000110
11001100110011001100010000000111
11001100110011001100010000001000
11001100110011001100010000001001
11001100110011001100010000001010
11001100110011001100010000001011
11001100110011001100010000001100
11001100110011001100010000001101
11001100110011001100010000001110
11001100110011001100010000001111
11001100110011001100010000010000
11001100110011001100010000010001
11001100110011001100010000010010
11001100110011001100010000010011
11001100110011001100010000010100
11001100110011001100010000010101
11001100110011001100010000010110
11001100110011001100010000010111
11001100110011001100010000011000
11001100110011001100010000011001
11001100110011001100010000011010
11001100110011001100010000011011
11001100110011001100010000011100
11001100110011001100010000011101
11001100110011001100010000011110
11001100110011001100010000011111
11001100110011001100010000100000
11001100110011001100010000100001
11001100110011001100010000100010
11001100110011001100010000100011
11001100110011001100010000100100
11001100110011001100010000100101
11001100110011001100010000100110
11001100110011001100010000100111
11001100110011001100010000101000
11001100110011001100010000101001
11001100110011001100010000101010
11001100110011001100010000101011
11001100110011001100010000101100
11001100110011001100010000101101
11001100110011001100010000101110
11001100110011001100010000101111
11001100110011001100010000110000
11001100110011001100010000110001
11001100110011001100010000110010
11001100110011001100010000110011
11001100110011001100010000110100
11001100110011001100010000110101
11001100110011001100010000110110
11001100110011001100010000110111
11001100110011001100010000111000
11001100110011001100010000111001
11001100110011001100010000111010
11001100110011001100010000111011
11001100110011001100010000111100
11001100110011001100010000111101
11001100110011001100010000111110
11001100110011001100010000111111
11001100110011001100010001000000
11001100110011001100010001000001
11001100110011001100010001000010
11001100110011001100010001000011
11001100110011001100010001000100
11001100110011001100010001000101
11001100110011001100010001000110
11001100110011001100010001000111
11001100110011001100010001001000
11001100110011001100010001001001
11001100110011001100010001001010
11001100110011001100010001001011
11001100110011001100010001001100
11001100110011001100010001001101
11001100110011001100010001001110
11001100110011001100010001001111
11001100110011001100010001010000
11001100110011001100010001010001
11001100110011001100010001010010
11001100110011001100010001010011
11001100110011001100010001010100
11001100110011001100010001010101
11001100110011001100010001010110
11001100110011001100010001010111
11001100110011001100010001011000
11001100110011001100010001011001
11001100110011001100010001011010
11001100110011001100010001011011
11001100110011001100010001011100
11001100110011001100010001011101
11001100110011001100010001011110
11001100110011001100010001011111
11001100110011001100010001100000
11001100110011001100010001100001
11001100110011001100010001100010
11001100110011001100010001100011
11001100110011001100010001100100
11001100110011001100010001100101
11001100110011001100010001100110
11001100110011001100010001100111
11001100110011001100010001101000
11001100110011001100010001101001
11001100110011001100010001101010
11001100110011001100010001101011
11001100110011001100010001101100
11001100110011001100010001101101
11001100110011001100010001101110
11001100110011001100010001101111
11001100110011001100010001110000
11001100110011001100010001110001
11001100110011001100010001110010
11001100110011001100010001110011
11001100110011001100010001110100
11001100110011001100010001110101
11001100110011001100010001110110
11001100110011001100010001110111
11001100110011001100010001111000
11001100110011001100010001111001
11001100110011001100010001111010
11001100110011001100010001111011
11001100110011001100010001111100
11001100110011001100010001111101
11001100110011001100010001111110
11001100110011001100010001111111
11001100110011001100010010000000
11001100110011001100010010000001
11001100110011001100010010000010
11001100110011001100010010000011
11001100110011001100010010000100
11001100110011001100010010000101
11001100110011001100010010000110
11001100110011001100010010000111
11001100110011001100010010001000
11001100110011001100010010001001
11001100110011001100010010001010
11001100110011001100010010001011
11001100110011001100010010001100
11001100110011001100010010001101
11001100110011001100010010001110
11001100110011001100010010001111
11001100110011001100010010010000
11001100110011001100010010010001
11001100110011001100010010010010
11001100110011001100010010010011
11001100110011001100010010010100
11001100110011001100010010010101
11001100110011001100010010010110
11001100110011001100010010010111
11001100110011001100010010011000
11001100110011001100010010011001
11001100110011001100010010011010
11001100110011001100010010011011
11001100110011001100010010011100
11001100110011001100010010011101
11001100110011001100010010011110
11001100110011001100010010011111
11001100110011001100010010100000
11001100110011001100010010100001
11001100110011001100010010100010
11001100110011001100010010100011
11001100110011001100010010100100
11001100110011001100010010100101
11001100110011001100010010100110
11001100110011001100010010100111
11001100110011001100010010101000
11001100110011001100010010101001
11001100110011001100010010101010
11001100110011001100010010101011
11001100110011001100010010101100
11001100110011001100010010101101
11001100110011001100010010101110
11001100110011001100010010101111
11001100110011001100010010110000
11001100110011001100010010110001
11001100110011001100010010110010
11001100110011001100010010110011
11001100110011001100010010110100
11001100110011001100010010110101
11001100110011001100010010110110
11001100110011001100010010110111
11001100110011001100010010111000
11001100110011001100010010111001
11001100110011001100010010111010
11001100110011001100010010111011
11001100110011001100010010111100
11001100110011001100010010111101
11001100110011001100010010111110
11001100110011001100010010111111
11001100110011001100010011000000
11001100110011001100010011000001
11001100110011001100010011000010
11001100110011001100010011000011
11001100110011001100010011000100
11001100110011001100010011000101
11001100110011001100010011000110
11001100110011001100010011000111
11001100110011001100010011001000
11001100110011001100010011001001
11001100110011001100010011001010
11001100110011001100010011001011
11001100110011001100010011001100
11001100110011001100010011001101
11001100110011001100010011001110
11001100110011001100010011001111
11001100110011001100010011010000
11001100110011001100010011010001
11001100110011001100010011010010
11001100110011001100010011010011
11001100110011001100010011010100
11001100110011001100010011010101
11001100110011001100010011010110
11001100110011001100010011010111
11001100110011001100010011011000
11001100110011001100010011011001
11001100110011001100010011011010
11001100110011001100010011011011
11001100110011001100010011011100
11001100110011001100010011011101
11001100110011001100010011011110
11001100110011001100010011011111
11001100110011001100010011100000
11001100110011001100010011100001
11001100110011001100010011100010
11001100110011001100010011100011
11001100110011001100010011100100
11001100110011001100010011100101
11001100110011001100010011100110
11001100110011001100010011100111
11001100110011001100010011101000
11001100110011001100010011101001
11001100110011001100010011101010
11001100110011001100010011101011
11001100110011001100010011101100
11001100110011001100010011101101
11001100110011001100010011101110
11001100110011001100010011101111
11001100110011001100010011110000
11001100110011001100010011110001
11001100110011001100010011110010
11001100110011001100010011110011
11001100110011001100010011110100
11001100110011001100010011110101
11001100110011001100010011110110
11001100110011001100010011110111
11001100110011001100010011111000
11001100110011001100010011111001
11001100110011001100010011111010
11001100110011001100010011111011
11001100110011001100010011111100
11001100110011001100010011111101
11001100110011001100010011111110
11001100110011001100010011111111
11001100110011001100010100000000
11001100110011001100010100000001
11001100110011001100010100000010
11001100110011001100010100000011
11001100110011001100010100000100
11001100110011001100010100000101
11001100110011001100010100000110
11001100110011001100010100000111
11001100110011001100010100001000
11001100110011001100010100001001
11001100110011001100010100001010
11001100110011001100010100001011
11001100110011001100010100001100
11001100110011001100010100001101
11001100110011001100010100001110
11001100110011001100010100001111
11001100110011001100010100010000
11001100110011001100010100010001
11001100110011001100010100010010
11001100110011001100010100010011
11001100110011001100010100010100
11001100110011001100010100010101
11001100110011001100010100010110
11001100110011001100010100010111
11001100110011001100010100011000
11001100110011001100010100011001
11001100110011001100010100011010
11001100110011001100010100011011
11001100110011001100010100011100
11001100110011001100010100011101
11001100110011001100010100011110
11001100110011001100010100011111
11001100110011001100010100100000
11001100110011001100010100100001
11001100110011001100010100100010
11001100110011001100010100100011
11001100110011001100010100100100
11001100110011001100010100100101
11001100110011001100010100100110
11001100110011001100010100100111
11001100110011001100010100101000
11001100110011001100010100101001
11001100110011001100010100101010
11001100110011001100010100101011
11001100110011001100010100101100
11001100110011001100010100101101
11001100110011001100010100101110
11001100110011001100010100101111
11001100110011001100010100110000
11001100110011001100010100110001
11001100110011001100010100110010
11001100110011001100010100110011
11001100110011001100010100110100
11001100110011001100010100110101
11001100110011001100010100110110
11001100110011001100010100110111
11001100110011001100010100111000
11001100110011001100010100111001
11001100110011001100010100111010
11001100110011001100010100111011
11001100110011001100010100111100
11001100110011001100010100111101
11001100110011001100010100111110
11001100110011001100010100111111
11001100110011001100010101000000
11001100110011001100010101000001
11001100110011001100010101000010
11001100110011001100010101000011
11001100110011001100010101000100
11001100110011001100010101000101
11001100110011001100010101000110
11001100110011001100010101000111
11001100110011001100010101001000
11001100110011001100010101001001
11001100110011001100010101001010
11001100110011001100010101001011
11001100110011001100010101001100
11001100110011001100010101001101
11001100110011001100010101001110
11001100110011001100010101001111
11001100110011001100010101010000
11001100110011001100010101010001
11001100110011001100010101010010
11001100110011001100010101010011
11001100110011001100010101010100
11001100110011001100010101010101
11001100110011001100010101010110
11001100110011001100010101010111
11001100110011001100010101011000
11001100110011001100010101011001
11001100110011001100010101011010
11001100110011001100010101011011
11001100110011001100010101011100
11001100110011001100010101011101
11001100110011001100010101011110
11001100110011001100010101011111
11001100110011001100010101100000
11001100110011001100010101100001
11001100110011001100010101100010
11001100110011001100010101100011
11001100110011001100010101100100
11001100110011001100010101100101
11001100110011001100010101100110
11001100110011001100010101100111
11001100110011001100010101101000
11001100110011001100010101101001
11001100110011001100010101101010
11001100110011001100010101101011
11001100110011001100010101101100
11001100110011001100010101101101
11001100110011001100010101101110
11001100110011001100010101101111
11001100110011001100010101110000
11001100110011001100010101110001
11001100110011001100010101110010
11001100110011001100010101110011
11001100110011001100010101110100
11001100110011001100010101110101
11001100110011001100010101110110
11001100110011001100010101110111
11001100110011001100010101111000
11001100110011001100010101111001
11001100110011001100010101111010
11001100110011001100010101111011
11001100110011001100010101111100
11001100110011001100010101111101
11001100110011001100010101111110
11001100110011001100010101111111
11001100110011001100010110000000
11001100110011001100010110000001
11001100110011001100010110000010
11001100110011001100010110000011
11001100110011001100010110000100
11001100110011001100010110000101
11001100110011001100010110000110
11001100110011001100010110000111
11001100110011001100010110001000
11001100110011001100010110001001
11001100110011001100010110001010
11001100110011001100010110001011
11001100110011001100010110001100
11001100110011001100010110001101
11001100110011001100010110001110
11001100110011001100010110001111
11001100110011001100010110010000
11001100110011001100010110010001
11001100110011001100010110010010
11001100110011001100010110010011
11001100110011001100010110010100
11001100110011001100010110010101
11001100110011001100010110010110
11001100110011001100010110010111
11001100110011001100010110011000
11001100110011001100010110011001
11001100110011001100010110011010
11001100110011001100010110011011
11001100110011001100010110011100
11001100110011001100010110011101
11001100110011001100010110011110
11001100110011001100010110011111
11001100110011001100010110100000
11001100110011001100010110100001
11001100110011001100010110100010
11001100110011001100010110100011
11001100110011001100010110100100
11001100110011001100010110100101
11001100110011001100010110100110
11001100110011001100010110100111
11001100110011001100010110101000
11001100110011001100010110101001
11001100110011001100010110101010
11001100110011001100010110101011
11001100110011001100010110101100
11001100110011001100010110101101
11001100110011001100010110101110
11001100110011001100010110101111
11001100110011001100010110110000
11001100110011001100010110110001
11001100110011001100010110110010
11001100110011001100010110110011
11001100110011001100010110110100
11001100110011001100010110110101
11001100110011001100010110110110
11001100110011001100010110110111
11001100110011001100010110111000
11001100110011001100010110111001
11001100110011001100010110111010
11001100110011001100010110111011
11001100110011001100010110111100
11001100110011001100010110111101
11001100110011001100010110111110
11001100110011001100010110111111
11001100110011001100010111000000
11001100110011001100010111000001
11001100110011001100010111000010
11001100110011001100010111000011
11001100110011001100010111000100
11001100110011001100010111000101
11001100110011001100010111000110
11001100110011001100010111000111
11001100110011001100010111001000
11001100110011001100010111001001
11001100110011001100010111001010
11001100110011001100010111001011
11001100110011001100010111001100
11001100110011001100010111001101
11001100110011001100010111001110
11001100110011001100010111001111
11001100110011001100010111010000
11001100110011001100010111010001
11001100110011001100010111010010
11001100110011001100010111010011
11001100110011001100010111010100
11001100110011001100010111010101
11001100110011001100010111010110
11001100110011001100010111010111
11001100110011001100010111011000
11001100110011001100010111011001
11001100110011001100010111011010
11001100110011001100010111011011
11001100110011001100010111011100
11001100110011001100010111011101
11001100110011001100010111011110
11001100110011001100010111011111
11001100110011001100010111100000
11001100110011001100010111100001
11001100110011001100010111100010
11001100110011001100010111100011
11001100110011001100010111100100
11001100110011001100010111100101
11001100110011001100010111100110
11001100110011001100010111100111
11001100110011001100010111101000
11001100110011001100010111101001
11001100110011001100010111101010
11001100110011001100010111101011
11001100110011001100010111101100
11001100110011001100010111101101
11001100110011001100010111101110
11001100110011001100010111101111
11001100110011001100010111110000
11001100110011001100010111110001
11001100110011001100010111110010
11001100110011001100010111110011
11001100110011001100010111110100
11001100110011001100010111110101
11001100110011001100010111110110
11001100110011001100010111110111
11001100110011001100010111111000
11001100110011001100010111111001
11001100110011001100010111111010
11001100110011001100010111111011
11001100110011001100010111111100
11001100110011001100010111111101
11001100110011001100010111111110
11001100110011001100010111111111
11001100110011001100011000000000
11001100110011001100011000000001
11001100110011001100011000000010
11001100110011001100011000000011
11001100110011001100011000000100
11001100110011001100011000000101
11001100110011001100011000000110
11001100110011001100011000000111
11001100110011001100011000001000
11001100110011001100011000001001
11001100110011001100011000001010
11001100110011001100011000001011
11001100110011001100011000001100
11001100110011001100011000001101
11001100110011001100011000001110
11001100110011001100011000001111
11001100110011001100011000010000
11001100110011001100011000010001
11001100110011001100011000010010
11001100110011001100011000010011
11001100110011001100011000010100
11001100110011001100011000010101
11001100110011001100011000010110
11001100110011001100011000010111
11001100110011001100011000011000
11001100110011001100011000011001
11001100110011001100011000011010
11001100110011001100011000011011
11001100110011001100011000011100
11001100110011001100011000011101
11001100110011001100011000011110
11001100110011001100011000011111
11001100110011001100011000100000
11001100110011001100011000100001
11001100110011001100011000100010
11001100110011001100011000100011
11001100110011001100011000100100
11001100110011001100011000100101
11001100110011001100011000100110
11001100110011001100011000100111
11001100110011001100011000101000
11001100110011001100011000101001
11001100110011001100011000101010
11001100110011001100011000101011
11001100110011001100011000101100
11001100110011001100011000101101
11001100110011001100011000101110
11001100110011001100011000101111
11001100110011001100011000110000
11001100110011001100011000110001
11001100110011001100011000110010
11001100110011001100011000110011
11001100110011001100011000110100
11001100110011001100011000110101
11001100110011001100011000110110
11001100110011001100011000110111
11001100110011001100011000111000
11001100110011001100011000111001
11001100110011001100011000111010
11001100110011001100011000111011
11001100110011001100011000111100
11001100110011001100011000111101
11001100110011001100011000111110
11001100110011001100011000111111
11001100110011001100011001000000
11001100110011001100011001000001
11001100110011001100011001000010
11001100110011001100011001000011
11001100110011001100011001000100
11001100110011001100011001000101
11001100110011001100011001000110
11001100110011001100011001000111
11001100110011001100011001001000
11001100110011001100011001001001
11001100110011001100011001001010
11001100110011001100011001001011
11001100110011001100011001001100
11001100110011001100011001001101
11001100110011001100011001001110
11001100110011001100011001001111
11001100110011001100011001010000
11001100110011001100011001010001
11001100110011001100011001010010
11001100110011001100011001010011
11001100110011001100011001010100
11001100110011001100011001010101
11001100110011001100011001010110
11001100110011001100011001010111
11001100110011001100011001011000
11001100110011001100011001011001
11001100110011001100011001011010
11001100110011001100011001011011
11001100110011001100011001011100
11001100110011001100011001011101
11001100110011001100011001011110
11001100110011001100011001011111
11001100110011001100011001100000
11001100110011001100011001100001
11001100110011001100011001100010
11001100110011001100011001100011
11001100110011001100011001100100
11001100110011001100011001100101
11001100110011001100011001100110
11001100110011001100011001100111
11001100110011001100011001101000
11001100110011001100011001101001
11001100110011001100011001101010
11001100110011001100011001101011
11001100110011001100011001101100
11001100110011001100011001101101
11001100110011001100011001101110
11001100110011001100011001101111
11001100110011001100011001110000
11001100110011001100011001110001
11001100110011001100011001110010
11001100110011001100011001110011
11001100110011001100011001110100
11001100110011001100011001110101
11001100110011001100011001110110
11001100110011001100011001110111
11001100110011001100011001111000
11001100110011001100011001111001
11001100110011001100011001111010
11001100110011001100011001111011
11001100110011001100011001111100
11001100110011001100011001111101
11001100110011001100011001111110
11001100110011001100011001111111
11001100110011001100011010000000
11001100110011001100011010000001
11001100110011001100011010000010
11001100110011001100011010000011
11001100110011001100011010000100
11001100110011001100011010000101
11001100110011001100011010000110
11001100110011001100011010000111
11001100110011001100011010001000
11001100110011001100011010001001
11001100110011001100011010001010
11001100110011001100011010001011
11001100110011001100011010001100
11001100110011001100011010001101
11001100110011001100011010001110
11001100110011001100011010001111
11001100110011001100011010010000
11001100110011001100011010010001
11001100110011001100011010010010
11001100110011001100011010010011
11001100110011001100011010010100
11001100110011001100011010010101
11001100110011001100011010010110
11001100110011001100011010010111
11001100110011001100011010011000
11001100110011001100011010011001
11001100110011001100011010011010
11001100110011001100011010011011
11001100110011001100011010011100
11001100110011001100011010011101
11001100110011001100011010011110
11001100110011001100011010011111
11001100110011001100011010100000
11001100110011001100011010100001
11001100110011001100011010100010
11001100110011001100011010100011
11001100110011001100011010100100
11001100110011001100011010100101
11001100110011001100011010100110
11001100110011001100011010100111
11001100110011001100011010101000
11001100110011001100011010101001
11001100110011001100011010101010
11001100110011001100011010101011
11001100110011001100011010101100
11001100110011001100011010101101
11001100110011001100011010101110
11001100110011001100011010101111
11001100110011001100011010110000
11001100110011001100011010110001
11001100110011001100011010110010
11001100110011001100011010110011
11001100110011001100011010110100
11001100110011001100011010110101
11001100110011001100011010110110
11001100110011001100011010110111
11001100110011001100011010111000
11001100110011001100011010111001
11001100110011001100011010111010
11001100110011001100011010111011
11001100110011001100011010111100
11001100110011001100011010111101
11001100110011001100011010111110
11001100110011001100011010111111
11001100110011001100011011000000
11001100110011001100011011000001
11001100110011001100011011000010
11001100110011001100011011000011
11001100110011001100011011000100
11001100110011001100011011000101
11001100110011001100011011000110
11001100110011001100011011000111
11001100110011001100011011001000
11001100110011001100011011001001
11001100110011001100011011001010
11001100110011001100011011001011
11001100110011001100011011001100
11001100110011001100011011001101
11001100110011001100011011001110
11001100110011001100011011001111
11001100110011001100011011010000
11001100110011001100011011010001
11001100110011001100011011010010
11001100110011001100011011010011
11001100110011001100011011010100
11001100110011001100011011010101
11001100110011001100011011010110
11001100110011001100011011010111
11001100110011001100011011011000
11001100110011001100011011011001
11001100110011001100011011011010
11001100110011001100011011011011
11001100110011001100011011011100
11001100110011001100011011011101
11001100110011001100011011011110
11001100110011001100011011011111
11001100110011001100011011100000
11001100110011001100011011100001
11001100110011001100011011100010
11001100110011001100011011100011
11001100110011001100011011100100
11001100110011001100011011100101
11001100110011001100011011100110
11001100110011001100011011100111
11001100110011001100011011101000
11001100110011001100011011101001
11001100110011001100011011101010
11001100110011001100011011101011
11001100110011001100011011101100
11001100110011001100011011101101
11001100110011001100011011101110
11001100110011001100011011101111
11001100110011001100011011110000
11001100110011001100011011110001
11001100110011001100011011110010
11001100110011001100011011110011
11001100110011001100011011110100
11001100110011001100011011110101
11001100110011001100011011110110
11001100110011001100011011110111
11001100110011001100011011111000
11001100110011001100011011111001
11001100110011001100011011111010
11001100110011001100011011111011
11001100110011001100011011111100
11001100110011001100011011111101
11001100110011001100011011111110
11001100110011001100011011111111
11001100110011001100011100000000
11001100110011001100011100000001
11001100110011001100011100000010
11001100110011001100011100000011
11001100110011001100011100000100
11001100110011001100011100000101
11001100110011001100011100000110
11001100110011001100011100000111
11001100110011001100011100001000
11001100110011001100011100001001
11001100110011001100011100001010
11001100110011001100011100001011
11001100110011001100011100001100
11001100110011001100011100001101
11001100110011001100011100001110
11001100110011001100011100001111
11001100110011001100011100010000
11001100110011001100011100010001
11001100110011001100011100010010
11001100110011001100011100010011
11001100110011001100011100010100
11001100110011001100011100010101
11001100110011001100011100010110
11001100110011001100011100010111
11001100110011001100011100011000
11001100110011001100011100011001
11001100110011001100011100011010
11001100110011001100011100011011
11001100110011001100011100011100
11001100110011001100011100011101
11001100110011001100011100011110
11001100110011001100011100011111
11001100110011001100011100100000
11001100110011001100011100100001
11001100110011001100011100100010
11001100110011001100011100100011
11001100110011001100011100100100
11001100110011001100011100100101
11001100110011001100011100100110
11001100110011001100011100100111
11001100110011001100011100101000
11001100110011001100011100101001
11001100110011001100011100101010
11001100110011001100011100101011
11001100110011001100011100101100
11001100110011001100011100101101
11001100110011001100011100101110
11001100110011001100011100101111
11001100110011001100011100110000
11001100110011001100011100110001
11001100110011001100011100110010
11001100110011001100011100110011
11001100110011001100011100110100
11001100110011001100011100110101
11001100110011001100011100110110
11001100110011001100011100110111
11001100110011001100011100111000
11001100110011001100011100111001
11001100110011001100011100111010
11001100110011001100011100111011
11001100110011001100011100111100
11001100110011001100011100111101
11001100110011001100011100111110
11001100110011001100011100111111
11001100110011001100011101000000
11001100110011001100011101000001
11001100110011001100011101000010
11001100110011001100011101000011
11001100110011001100011101000100
11001100110011001100011101000101
11001100110011001100011101000110
11001100110011001100011101000111
11001100110011001100011101001000
11001100110011001100011101001001
11001100110011001100011101001010
11001100110011001100011101001011
11001100110011001100011101001100
11001100110011001100011101001101
11001100110011001100011101001110
11001100110011001100011101001111
11001100110011001100011101010000
11001100110011001100011101010001
11001100110011001100011101010010
11001100110011001100011101010011
11001100110011001100011101010100
11001100110011001100011101010101
11001100110011001100011101010110
11001100110011001100011101010111
11001100110011001100011101011000
11001100110011001100011101011001
11001100110011001100011101011010
11001100110011001100011101011011
11001100110011001100011101011100
11001100110011001100011101011101
11001100110011001100011101011110
11001100110011001100011101011111
11001100110011001100011101100000
11001100110011001100011101100001
11001100110011001100011101100010
11001100110011001100011101100011
11001100110011001100011101100100
11001100110011001100011101100101
11001100110011001100011101100110
11001100110011001100011101100111
11001100110011001100011101101000
11001100110011001100011101101001
11001100110011001100011101101010
11001100110011001100011101101011
11001100110011001100011101101100
11001100110011001100011101101101
11001100110011001100011101101110
11001100110011001100011101101111
11001100110011001100011101110000
11001100110011001100011101110001
11001100110011001100011101110010
11001100110011001100011101110011
11001100110011001100011101110100
11001100110011001100011101110101
11001100110011001100011101110110
11001100110011001100011101110111
11001100110011001100011101111000
11001100110011001100011101111001
11001100110011001100011101111010
11001100110011001100011101111011
11001100110011001100011101111100
11001100110011001100011101111101
11001100110011001100011101111110
11001100110011001100011101111111
11001100110011001100011110000000
11001100110011001100011110000001
11001100110011001100011110000010
11001100110011001100011110000011
11001100110011001100011110000100
11001100110011001100011110000101
11001100110011001100011110000110
11001100110011001100011110000111
11001100110011001100011110001000
11001100110011001100011110001001
11001100110011001100011110001010
11001100110011001100011110001011
11001100110011001100011110001100
11001100110011001100011110001101
11001100110011001100011110001110
11001100110011001100011110001111
11001100110011001100011110010000
11001100110011001100011110010001
11001100110011001100011110010010
11001100110011001100011110010011
11001100110011001100011110010100
11001100110011001100011110010101
11001100110011001100011110010110
11001100110011001100011110010111
11001100110011001100011110011000
11001100110011001100011110011001
11001100110011001100011110011010
11001100110011001100011110011011
11001100110011001100011110011100
11001100110011001100011110011101
11001100110011001100011110011110
11001100110011001100011110011111
11001100110011001100011110100000
11001100110011001100011110100001
11001100110011001100011110100010
11001100110011001100011110100011
11001100110011001100011110100100
11001100110011001100011110100101
11001100110011001100011110100110
11001100110011001100011110100111
11001100110011001100011110101000
11001100110011001100011110101001
11001100110011001100011110101010
11001100110011001100011110101011
11001100110011001100011110101100
11001100110011001100011110101101
11001100110011001100011110101110
11001100110011001100011110101111
11001100110011001100011110110000
11001100110011001100011110110001
11001100110011001100011110110010
11001100110011001100011110110011
11001100110011001100011110110100
11001100110011001100011110110101
11001100110011001100011110110110
11001100110011001100011110110111
11001100110011001100011110111000
11001100110011001100011110111001
11001100110011001100011110111010
11001100110011001100011110111011
11001100110011001100011110111100
11001100110011001100011110111101
11001100110011001100011110111110
11001100110011001100011110111111
11001100110011001100011111000000
11001100110011001100011111000001
11001100110011001100011111000010
11001100110011001100011111000011
11001100110011001100011111000100
11001100110011001100011111000101
11001100110011001100011111000110
11001100110011001100011111000111
11001100110011001100011111001000
11001100110011001100011111001001
11001100110011001100011111001010
11001100110011001100011111001011
11001100110011001100011111001100
11001100110011001100011111001101
11001100110011001100011111001110
11001100110011001100011111001111
11001100110011001100011111010000
11001100110011001100011111010001
11001100110011001100011111010010
11001100110011001100011111010011
11001100110011001100011111010100
11001100110011001100011111010101
11001100110011001100011111010110
11001100110011001100011111010111
11001100110011001100011111011000
11001100110011001100011111011001
11001100110011001100011111011010
11001100110011001100011111011011
11001100110011001100011111011100
11001100110011001100011111011101
11001100110011001100011111011110
11001100110011001100011111011111
11001100110011001100011111100000
11001100110011001100011111100001
11001100110011001100011111100010
11001100110011001100011111100011
11001100110011001100011111100100
11001100110011001100011111100101
11001100110011001100011111100110
11001100110011001100011111100111
11001100110011001100011111101000
11001100110011001100011111101001
11001100110011001100011111101010
11001100110011001100011111101011
11001100110011001100011111101100
11001100110011001100011111101101
11001100110011001100011111101110
11001100110011001100011111101111
11001100110011001100011111110000
11001100110011001100011111110001
11001100110011001100011111110010
11001100110011001100011111110011
11001100110011001100011111110100
11001100110011001100011111110101
11001100110011001100011111110110
11001100110011001100011111110111
11001100110011001100011111111000
11001100110011001100011111111001
11001100110011001100011111111010
11001100110011001100011111111011
11001100110011001100011111111100
11001100110011001100011111111101
11001100110011001100011111111110
11001100110011001100011111111111
11001100110011001100000000000000