00000000
XXXXXXXX
XXXXXXXX
XXXXXXXX
XXXXXXXX
00000000
11000000
11001100
11001100
00000001
11000000
11001100
11001100
00000010
11000000
11001100
11001100
00000011
11000000
11001100
11001100
00000100
11000000
11001100
11001100
00000101
11000000
11001100
11001100
00000110
11000000
11001100
11001100
00000111
11000000
11001100
11001100
00001000
11000000
11001100
11001100
00001001
11000000
11001100
11001100
00001010
11000000
11001100
11001100
00001011
11000000
11001100
11001100
00001100
11000000
11001100
11001100
00001101
11000000
11001100
11001100
00001110
11000000
11001100
11001100
00001111
11000000
11001100
11001100
00010000
11000000
11001100
11001100
00010001
11000000
11001100
11001100
00010010
11000000
11001100
11001100
00010011
11000000
11001100
11001100
00010100
11000000
11001100
11001100
00010101
11000000
11001100
11001100
00010110
11000000
11001100
11001100
00010111
11000000
11001100
11001100
00011000
11000000
11001100
11001100
00011001
11000000
11001100
11001100
00011010
11000000
11001100
11001100
00011011
11000000
11001100
11001100
00011100
11000000
11001100
11001100
00011101
11000000
11001100
11001100
00011110
11000000
11001100
11001100
00011111
11000000
11001100
11001100
00100000
11000000
11001100
11001100
00100001
11000000
11001100
11001100
00100010
11000000
11001100
11001100
00100011
11000000
11001100
11001100
00100100
11000000
11001100
11001100
00100101
11000000
11001100
11001100
00100110
11000000
11001100
11001100
00100111
11000000
11001100
11001100
00101000
11000000
11001100
11001100
00101001
11000000
11001100
11001100
00101010
11000000
11001100
11001100
00101011
11000000
11001100
11001100
00101100
11000000
11001100
11001100
00101101
11000000
11001100
11001100
00101110
11000000
11001100
11001100
00101111
11000000
11001100
11001100
00110000
11000000
11001100
11001100
00110001
11000000
11001100
11001100
00110010
11000000
11001100
11001100
00110011
11000000
11001100
11001100
00110100
11000000
11001100
11001100
00110101
11000000
11001100
11001100
00110110
11000000
11001100
11001100
00110111
11000000
11001100
11001100
00111000
11000000
11001100
11001100
00111001
11000000
11001100
11001100
00111010
11000000
11001100
11001100
00111011
11000000
11001100
11001100
00111100
11000000
11001100
11001100
00111101
11000000
11001100
11001100
00111110
11000000
11001100
11001100
00111111
11000000
11001100
11001100
01000000
11000000
11001100
11001100
01000001
11000000
11001100
11001100
01000010
11000000
11001100
11001100
01000011
11000000
11001100
11001100
01000100
11000000
11001100
11001100
01000101
11000000
11001100
11001100
01000110
11000000
11001100
11001100
01000111
11000000
11001100
11001100
01001000
11000000
11001100
11001100
01001001
11000000
11001100
11001100
01001010
11000000
11001100
11001100
01001011
11000000
11001100
11001100
01001100
11000000
11001100
11001100
01001101
11000000
11001100
11001100
01001110
11000000
11001100
11001100
01001111
11000000
11001100
11001100
01010000
11000000
11001100
11001100
01010001
11000000
11001100
11001100
01010010
11000000
11001100
11001100
01010011
11000000
11001100
11001100
01010100
11000000
11001100
11001100
01010101
11000000
11001100
11001100
01010110
11000000
11001100
11001100
01010111
11000000
11001100
11001100
01011000
11000000
11001100
11001100
01011001
11000000
11001100
11001100
01011010
11000000
11001100
11001100
01011011
11000000
11001100
11001100
01011100
11000000
11001100
11001100
01011101
11000000
11001100
11001100
01011110
11000000
11001100
11001100
01011111
11000000
11001100
11001100
01100000
11000000
11001100
11001100
01100001
11000000
11001100
11001100
01100010
11000000
11001100
11001100
01100011
11000000
11001100
11001100
01100100
11000000
11001100
11001100
01100101
11000000
11001100
11001100
01100110
11000000
11001100
11001100
01100111
11000000
11001100
11001100
01101000
11000000
11001100
11001100
01101001
11000000
11001100
11001100
01101010
11000000
11001100
11001100
01101011
11000000
11001100
11001100
01101100
11000000
11001100
11001100
01101101
11000000
11001100
11001100
01101110
11000000
11001100
11001100
01101111
11000000
11001100
11001100
01110000
11000000
11001100
11001100
01110001
11000000
11001100
11001100
01110010
11000000
11001100
11001100
01110011
11000000
11001100
11001100
01110100
11000000
11001100
11001100
01110101
11000000
11001100
11001100
01110110
11000000
11001100
11001100
01110111
11000000
11001100
11001100
01111000
11000000
11001100
11001100
01111001
11000000
11001100
11001100
01111010
11000000
11001100
11001100
01111011
11000000
11001100
11001100
01111100
11000000
11001100
11001100
01111101
11000000
11001100
11001100
01111110
11000000
11001100
11001100
01111111
11000000
11001100
11001100
10000000
11000000
11001100
11001100
10000001
11000000
11001100
11001100
10000010
11000000
11001100
11001100
10000011
11000000
11001100
11001100
10000100
11000000
11001100
11001100
10000101
11000000
11001100
11001100
10000110
11000000
11001100
11001100
10000111
11000000
11001100
11001100
10001000
11000000
11001100
11001100
10001001
11000000
11001100
11001100
10001010
11000000
11001100
11001100
10001011
11000000
11001100
11001100
10001100
11000000
11001100
11001100
10001101
11000000
11001100
11001100
10001110
11000000
11001100
11001100
10001111
11000000
11001100
11001100
10010000
11000000
11001100
11001100
10010001
11000000
11001100
11001100
10010010
11000000
11001100
11001100
10010011
11000000
11001100
11001100
10010100
11000000
11001100
11001100
10010101
11000000
11001100
11001100
10010110
11000000
11001100
11001100
10010111
11000000
11001100
11001100
10011000
11000000
11001100
11001100
10011001
11000000
11001100
11001100
10011010
11000000
11001100
11001100
10011011
11000000
11001100
11001100
10011100
11000000
11001100
11001100
10011101
11000000
11001100
11001100
10011110
11000000
11001100
11001100
10011111
11000000
11001100
11001100
10100000
11000000
11001100
11001100
10100001
11000000
11001100
11001100
10100010
11000000
11001100
11001100
10100011
11000000
11001100
11001100
10100100
11000000
11001100
11001100
10100101
11000000
11001100
11001100
10100110
11000000
11001100
11001100
10100111
11000000
11001100
11001100
10101000
11000000
11001100
11001100
10101001
11000000
11001100
11001100
10101010
11000000
11001100
11001100
10101011
11000000
11001100
11001100
10101100
11000000
11001100
11001100
10101101
11000000
11001100
11001100
10101110
11000000
11001100
11001100
10101111
11000000
11001100
11001100
10110000
11000000
11001100
11001100
10110001
11000000
11001100
11001100
10110010
11000000
11001100
11001100
10110011
11000000
11001100
11001100
10110100
11000000
11001100
11001100
10110101
11000000
11001100
11001100
10110110
11000000
11001100
11001100
10110111
11000000
11001100
11001100
10111000
11000000
11001100
11001100
10111001
11000000
11001100
11001100
10111010
11000000
11001100
11001100
10111011
11000000
11001100
11001100
10111100
11000000
11001100
11001100
10111101
11000000
11001100
11001100
10111110
11000000
11001100
11001100
10111111
11000000
11001100
11001100
11000000
11000000
11001100
11001100
11000001
11000000
11001100
11001100
11000010
11000000
11001100
11001100
11000011
11000000
11001100
11001100
11000100
11000000
11001100
11001100
11000101
11000000
11001100
11001100
11000110
11000000
11001100
11001100
11000111
11000000
11001100
11001100
11001000
11000000
11001100
11001100
11001001
11000000
11001100
11001100
11001010
11000000
11001100
11001100
11001011
11000000
11001100
11001100
11001100
11000000
11001100
11001100
11001101
11000000
11001100
11001100
11001110
11000000
11001100
11001100
11001111
11000000
11001100
11001100
11010000
11000000
11001100
11001100
11010001
11000000
11001100
11001100
11010010
11000000
11001100
11001100
11010011
11000000
11001100
11001100
11010100
11000000
11001100
11001100
11010101
11000000
11001100
11001100
11010110
11000000
11001100
11001100
11010111
11000000
11001100
11001100
11011000
11000000
11001100
11001100
11011001
11000000
11001100
11001100
11011010
11000000
11001100
11001100
11011011
11000000
11001100
11001100
11011100
11000000
11001100
11001100
11011101
11000000
11001100
11001100
11011110
11000000
11001100
11001100
11011111
11000000
11001100
11001100
11100000
11000000
11001100
11001100
11100001
11000000
11001100
11001100
11100010
11000000
11001100
11001100
11100011
11000000
11001100
11001100
11100100
11000000
11001100
11001100
11100101
11000000
11001100
11001100
11100110
11000000
11001100
11001100
11100111
11000000
11001100
11001100
11101000
11000000
11001100
11001100
11101001
11000000
11001100
11001100
11101010
11000000
11001100
11001100
11101011
11000000
11001100
11001100
11101100
11000000
11001100
11001100
11101101
11000000
11001100
11001100
11101110
11000000
11001100
11001100
11101111
11000000
11001100
11001100
11110000
11000000
11001100
11001100
11110001
11000000
11001100
11001100
11110010
11000000
11001100
11001100
11110011
11000000
11001100
11001100
11110100
11000000
11001100
11001100
11110101
11000000
11001100
11001100
11110110
11000000
11001100
11001100
11110111
11000000
11001100
11001100
11111000
11000000
11001100
11001100
11111001
11000000
11001100
11001100
11111010
11000000
11001100
11001100
11111011
11000000
11001100
11001100
11111100
11000000
11001100
11001100
11111101
11000000
11001100
11001100
11111110
11000000
11001100
11001100
11111111
11000000
11001100
11001100
00000000
11000001
11001100
11001100
00000001
11000001
11001100
11001100
00000010
11000001
11001100
11001100
00000011
11000001
11001100
11001100
00000100
11000001
11001100
11001100
00000101
11000001
11001100
11001100
00000110
11000001
11001100
11001100
00000111
11000001
11001100
11001100
00001000
11000001
11001100
11001100
00001001
11000001
11001100
11001100
00001010
11000001
11001100
11001100
00001011
11000001
11001100
11001100
00001100
11000001
11001100
11001100
00001101
11000001
11001100
11001100
00001110
11000001
11001100
11001100
00001111
11000001
11001100
11001100
00010000
11000001
11001100
11001100
00010001
11000001
11001100
11001100
00010010
11000001
11001100
11001100
00010011
11000001
11001100
11001100
00010100
11000001
11001100
11001100
00010101
11000001
11001100
11001100
00010110
11000001
11001100
11001100
00010111
11000001
11001100
11001100
00011000
11000001
11001100
11001100
00011001
11000001
11001100
11001100
00011010
11000001
11001100
11001100
00011011
11000001
11001100
11001100
00011100
11000001
11001100
11001100
00011101
11000001
11001100
11001100
00011110
11000001
11001100
11001100
00011111
11000001
11001100
11001100
00100000
11000001
11001100
11001100
00100001
11000001
11001100
11001100
00100010
11000001
11001100
11001100
00100011
11000001
11001100
11001100
00100100
11000001
11001100
11001100
00100101
11000001
11001100
11001100
00100110
11000001
11001100
11001100
00100111
11000001
11001100
11001100
00101000
11000001
11001100
11001100
00101001
11000001
11001100
11001100
00101010
11000001
11001100
11001100
00101011
11000001
11001100
11001100
00101100
11000001
11001100
11001100
00101101
11000001
11001100
11001100
00101110
11000001
11001100
11001100
00101111
11000001
11001100
11001100
00110000
11000001
11001100
11001100
00110001
11000001
11001100
11001100
00110010
11000001
11001100
11001100
00110011
11000001
11001100
11001100
00110100
11000001
11001100
11001100
00110101
11000001
11001100
11001100
00110110
11000001
11001100
11001100
00110111
11000001
11001100
11001100
00111000
11000001
11001100
11001100
00111001
11000001
11001100
11001100
00111010
11000001
11001100
11001100
00111011
11000001
11001100
11001100
00111100
11000001
11001100
11001100
00111101
11000001
11001100
11001100
00111110
11000001
11001100
11001100
00111111
11000001
11001100
11001100
01000000
11000001
11001100
11001100
01000001
11000001
11001100
11001100
01000010
11000001
11001100
11001100
01000011
11000001
11001100
11001100
01000100
11000001
11001100
11001100
01000101
11000001
11001100
11001100
01000110
11000001
11001100
11001100
01000111
11000001
11001100
11001100
01001000
11000001
11001100
11001100
01001001
11000001
11001100
11001100
01001010
11000001
11001100
11001100
01001011
11000001
11001100
11001100
01001100
11000001
11001100
11001100
01001101
11000001
11001100
11001100
01001110
11000001
11001100
11001100
01001111
11000001
11001100
11001100
01010000
11000001
11001100
11001100
01010001
11000001
11001100
11001100
01010010
11000001
11001100
11001100
01010011
11000001
11001100
11001100
01010100
11000001
11001100
11001100
01010101
11000001
11001100
11001100
01010110
11000001
11001100
11001100
01010111
11000001
11001100
11001100
01011000
11000001
11001100
11001100
01011001
11000001
11001100
11001100
01011010
11000001
11001100
11001100
01011011
11000001
11001100
11001100
01011100
11000001
11001100
11001100
01011101
11000001
11001100
11001100
01011110
11000001
11001100
11001100
01011111
11000001
11001100
11001100
01100000
11000001
11001100
11001100
01100001
11000001
11001100
11001100
01100010
11000001
11001100
11001100
01100011
11000001
11001100
11001100
01100100
11000001
11001100
11001100
01100101
11000001
11001100
11001100
01100110
11000001
11001100
11001100
01100111
11000001
11001100
11001100
01101000
11000001
11001100
11001100
01101001
11000001
11001100
11001100
01101010
11000001
11001100
11001100
01101011
11000001
11001100
11001100
01101100
11000001
11001100
11001100
01101101
11000001
11001100
11001100
01101110
11000001
11001100
11001100
01101111
11000001
11001100
11001100
01110000
11000001
11001100
11001100
01110001
11000001
11001100
11001100
01110010
11000001
11001100
11001100
01110011
11000001
11001100
11001100
01110100
11000001
11001100
11001100
01110101
11000001
11001100
11001100
01110110
11000001
11001100
11001100
01110111
11000001
11001100
11001100
01111000
11000001
11001100
11001100
01111001
11000001
11001100
11001100
01111010
11000001
11001100
11001100
01111011
11000001
11001100
11001100
01111100
11000001
11001100
11001100
01111101
11000001
11001100
11001100
01111110
11000001
11001100
11001100
01111111
11000001
11001100
11001100
10000000
11000001
11001100
11001100
10000001
11000001
11001100
11001100
10000010
11000001
11001100
11001100
10000011
11000001
11001100
11001100
10000100
11000001
11001100
11001100
10000101
11000001
11001100
11001100
10000110
11000001
11001100
11001100
10000111
11000001
11001100
11001100
10001000
11000001
11001100
11001100
10001001
11000001
11001100
11001100
10001010
11000001
11001100
11001100
10001011
11000001
11001100
11001100
10001100
11000001
11001100
11001100
10001101
11000001
11001100
11001100
10001110
11000001
11001100
11001100
10001111
11000001
11001100
11001100
10010000
11000001
11001100
11001100
10010001
11000001
11001100
11001100
10010010
11000001
11001100
11001100
10010011
11000001
11001100
11001100
10010100
11000001
11001100
11001100
10010101
11000001
11001100
11001100
10010110
11000001
11001100
11001100
10010111
11000001
11001100
11001100
10011000
11000001
11001100
11001100
10011001
11000001
11001100
11001100
10011010
11000001
11001100
11001100
10011011
11000001
11001100
11001100
10011100
11000001
11001100
11001100
10011101
11000001
11001100
11001100
10011110
11000001
11001100
11001100
10011111
11000001
11001100
11001100
10100000
11000001
11001100
11001100
10100001
11000001
11001100
11001100
10100010
11000001
11001100
11001100
10100011
11000001
11001100
11001100
10100100
11000001
11001100
11001100
10100101
11000001
11001100
11001100
10100110
11000001
11001100
11001100
10100111
11000001
11001100
11001100
10101000
11000001
11001100
11001100
10101001
11000001
11001100
11001100
10101010
11000001
11001100
11001100
10101011
11000001
11001100
11001100
10101100
11000001
11001100
11001100
10101101
11000001
11001100
11001100
10101110
11000001
11001100
11001100
10101111
11000001
11001100
11001100
10110000
11000001
11001100
11001100
10110001
11000001
11001100
11001100
10110010
11000001
11001100
11001100
10110011
11000001
11001100
11001100
10110100
11000001
11001100
11001100
10110101
11000001
11001100
11001100
10110110
11000001
11001100
11001100
10110111
11000001
11001100
11001100
10111000
11000001
11001100
11001100
10111001
11000001
11001100
11001100
10111010
11000001
11001100
11001100
10111011
11000001
11001100
11001100
10111100
11000001
11001100
11001100
10111101
11000001
11001100
11001100
10111110
11000001
11001100
11001100
10111111
11000001
11001100
11001100
11000000
11000001
11001100
11001100
11000001
11000001
11001100
11001100
11000010
11000001
11001100
11001100
11000011
11000001
11001100
11001100
11000100
11000001
11001100
11001100
11000101
11000001
11001100
11001100
11000110
11000001
11001100
11001100
11000111
11000001
11001100
11001100
11001000
11000001
11001100
11001100
11001001
11000001
11001100
11001100
11001010
11000001
11001100
11001100
11001011
11000001
11001100
11001100
11001100
11000001
11001100
11001100
11001101
11000001
11001100
11001100
11001110
11000001
11001100
11001100
11001111
11000001
11001100
11001100
11010000
11000001
11001100
11001100
11010001
11000001
11001100
11001100
11010010
11000001
11001100
11001100
11010011
11000001
11001100
11001100
11010100
11000001
11001100
11001100
11010101
11000001
11001100
11001100
11010110
11000001
11001100
11001100
11010111
11000001
11001100
11001100
11011000
11000001
11001100
11001100
11011001
11000001
11001100
11001100
11011010
11000001
11001100
11001100
11011011
11000001
11001100
11001100
11011100
11000001
11001100
11001100
11011101
11000001
11001100
11001100
11011110
11000001
11001100
11001100
11011111
11000001
11001100
11001100
11100000
11000001
11001100
11001100
11100001
11000001
11001100
11001100
11100010
11000001
11001100
11001100
11100011
11000001
11001100
11001100
11100100
11000001
11001100
11001100
11100101
11000001
11001100
11001100
11100110
11000001
11001100
11001100
11100111
11000001
11001100
11001100
11101000
11000001
11001100
11001100
11101001
11000001
11001100
11001100
11101010
11000001
11001100
11001100
11101011
11000001
11001100
11001100
11101100
11000001
11001100
11001100
11101101
11000001
11001100
11001100
11101110
11000001
11001100
11001100
11101111
11000001
11001100
11001100
11110000
11000001
11001100
11001100
11110001
11000001
11001100
11001100
11110010
11000001
11001100
11001100
11110011
11000001
11001100
11001100
11110100
11000001
11001100
11001100
11110101
11000001
11001100
11001100
11110110
11000001
11001100
11001100
11110111
11000001
11001100
11001100
11111000
11000001
11001100
11001100
11111001
11000001
11001100
11001100
11111010
11000001
11001100
11001100
11111011
11000001
11001100
11001100
11111100
11000001
11001100
11001100
11111101
11000001
11001100
11001100
11111110
11000001
11001100
11001100
11111111
11000001
11001100
11001100
00000000
11000010
11001100
11001100
00000001
11000010
11001100
11001100
00000010
11000010
11001100
11001100
00000011
11000010
11001100
11001100
00000100
11000010
11001100
11001100
00000101
11000010
11001100
11001100
00000110
11000010
11001100
11001100
00000111
11000010
11001100
11001100
00001000
11000010
11001100
11001100
00001001
11000010
11001100
11001100
00001010
11000010
11001100
11001100
00001011
11000010
11001100
11001100
00001100
11000010
11001100
11001100
00001101
11000010
11001100
11001100
00001110
11000010
11001100
11001100
00001111
11000010
11001100
11001100
00010000
11000010
11001100
11001100
00010001
11000010
11001100
11001100
00010010
11000010
11001100
11001100
00010011
11000010
11001100
11001100
00010100
11000010
11001100
11001100
00010101
11000010
11001100
11001100
00010110
11000010
11001100
11001100
00010111
11000010
11001100
11001100
00011000
11000010
11001100
11001100
00011001
11000010
11001100
11001100
00011010
11000010
11001100
11001100
00011011
11000010
11001100
11001100
00011100
11000010
11001100
11001100
00011101
11000010
11001100
11001100
00011110
11000010
11001100
11001100
00011111
11000010
11001100
11001100
00100000
11000010
11001100
11001100
00100001
11000010
11001100
11001100
00100010
11000010
11001100
11001100
00100011
11000010
11001100
11001100
00100100
11000010
11001100
11001100
00100101
11000010
11001100
11001100
00100110
11000010
11001100
11001100
00100111
11000010
11001100
11001100
00101000
11000010
11001100
11001100
00101001
11000010
11001100
11001100
00101010
11000010
11001100
11001100
00101011
11000010
11001100
11001100
00101100
11000010
11001100
11001100
00101101
11000010
11001100
11001100
00101110
11000010
11001100
11001100
00101111
11000010
11001100
11001100
00110000
11000010
11001100
11001100
00110001
11000010
11001100
11001100
00110010
11000010
11001100
11001100
00110011
11000010
11001100
11001100
00110100
11000010
11001100
11001100
00110101
11000010
11001100
11001100
00110110
11000010
11001100
11001100
00110111
11000010
11001100
11001100
00111000
11000010
11001100
11001100
00111001
11000010
11001100
11001100
00111010
11000010
11001100
11001100
00111011
11000010
11001100
11001100
00111100
11000010
11001100
11001100
00111101
11000010
11001100
11001100
00111110
11000010
11001100
11001100
00111111
11000010
11001100
11001100
01000000
11000010
11001100
11001100
01000001
11000010
11001100
11001100
01000010
11000010
11001100
11001100
01000011
11000010
11001100
11001100
01000100
11000010
11001100
11001100
01000101
11000010
11001100
11001100
01000110
11000010
11001100
11001100
01000111
11000010
11001100
11001100
01001000
11000010
11001100
11001100
01001001
11000010
11001100
11001100
01001010
11000010
11001100
11001100
01001011
11000010
11001100
11001100
01001100
11000010
11001100
11001100
01001101
11000010
11001100
11001100
01001110
11000010
11001100
11001100
01001111
11000010
11001100
11001100
01010000
11000010
11001100
11001100
01010001
11000010
11001100
11001100
01010010
11000010
11001100
11001100
01010011
11000010
11001100
11001100
01010100
11000010
11001100
11001100
01010101
11000010
11001100
11001100
01010110
11000010
11001100
11001100
01010111
11000010
11001100
11001100
01011000
11000010
11001100
11001100
01011001
11000010
11001100
11001100
01011010
11000010
11001100
11001100
01011011
11000010
11001100
11001100
01011100
11000010
11001100
11001100
01011101
11000010
11001100
11001100
01011110
11000010
11001100
11001100
01011111
11000010
11001100
11001100
01100000
11000010
11001100
11001100
01100001
11000010
11001100
11001100
01100010
11000010
11001100
11001100
01100011
11000010
11001100
11001100
01100100
11000010
11001100
11001100
01100101
11000010
11001100
11001100
01100110
11000010
11001100
11001100
01100111
11000010
11001100
11001100
01101000
11000010
11001100
11001100
01101001
11000010
11001100
11001100
01101010
11000010
11001100
11001100
01101011
11000010
11001100
11001100
01101100
11000010
11001100
11001100
01101101
11000010
11001100
11001100
01101110
11000010
11001100
11001100
01101111
11000010
11001100
11001100
01110000
11000010
11001100
11001100
01110001
11000010
11001100
11001100
01110010
11000010
11001100
11001100
01110011
11000010
11001100
11001100
01110100
11000010
11001100
11001100
01110101
11000010
11001100
11001100
01110110
11000010
11001100
11001100
01110111
11000010
11001100
11001100
01111000
11000010
11001100
11001100
01111001
11000010
11001100
11001100
01111010
11000010
11001100
11001100
01111011
11000010
11001100
11001100
01111100
11000010
11001100
11001100
01111101
11000010
11001100
11001100
01111110
11000010
11001100
11001100
01111111
11000010
11001100
11001100
10000000
11000010
11001100
11001100
10000001
11000010
11001100
11001100
10000010
11000010
11001100
11001100
10000011
11000010
11001100
11001100
10000100
11000010
11001100
11001100
10000101
11000010
11001100
11001100
10000110
11000010
11001100
11001100
10000111
11000010
11001100
11001100
10001000
11000010
11001100
11001100
10001001
11000010
11001100
11001100
10001010
11000010
11001100
11001100
10001011
11000010
11001100
11001100
10001100
11000010
11001100
11001100
10001101
11000010
11001100
11001100
10001110
11000010
11001100
11001100
10001111
11000010
11001100
11001100
10010000
11000010
11001100
11001100
10010001
11000010
11001100
11001100
10010010
11000010
11001100
11001100
10010011
11000010
11001100
11001100
10010100
11000010
11001100
11001100
10010101
11000010
11001100
11001100
10010110
11000010
11001100
11001100
10010111
11000010
11001100
11001100
10011000
11000010
11001100
11001100
10011001
11000010
11001100
11001100
10011010
11000010
11001100
11001100
10011011
11000010
11001100
11001100
10011100
11000010
11001100
11001100
10011101
11000010
11001100
11001100
10011110
11000010
11001100
11001100
10011111
11000010
11001100
11001100
10100000
11000010
11001100
11001100
10100001
11000010
11001100
11001100
10100010
11000010
11001100
11001100
10100011
11000010
11001100
11001100
10100100
11000010
11001100
11001100
10100101
11000010
11001100
11001100
10100110
11000010
11001100
11001100
10100111
11000010
11001100
11001100
10101000
11000010
11001100
11001100
10101001
11000010
11001100
11001100
10101010
11000010
11001100
11001100
10101011
11000010
11001100
11001100
10101100
11000010
11001100
11001100
10101101
11000010
11001100
11001100
10101110
11000010
11001100
11001100
10101111
11000010
11001100
11001100
10110000
11000010
11001100
11001100
10110001
11000010
11001100
11001100
10110010
11000010
11001100
11001100
10110011
11000010
11001100
11001100
10110100
11000010
11001100
11001100
10110101
11000010
11001100
11001100
10110110
11000010
11001100
11001100
10110111
11000010
11001100
11001100
10111000
11000010
11001100
11001100
10111001
11000010
11001100
11001100
10111010
11000010
11001100
11001100
10111011
11000010
11001100
11001100
10111100
11000010
11001100
11001100
10111101
11000010
11001100
11001100
10111110
11000010
11001100
11001100
10111111
11000010
11001100
11001100
11000000
11000010
11001100
11001100
11000001
11000010
11001100
11001100
11000010
11000010
11001100
11001100
11000011
11000010
11001100
11001100
11000100
11000010
11001100
11001100
11000101
11000010
11001100
11001100
11000110
11000010
11001100
11001100
11000111
11000010
11001100
11001100
11001000
11000010
11001100
11001100
11001001
11000010
11001100
11001100
11001010
11000010
11001100
11001100
11001011
11000010
11001100
11001100
11001100
11000010
11001100
11001100
11001101
11000010
11001100
11001100
11001110
11000010
11001100
11001100
11001111
11000010
11001100
11001100
11010000
11000010
11001100
11001100
11010001
11000010
11001100
11001100
11010010
11000010
11001100
11001100
11010011
11000010
11001100
11001100
11010100
11000010
11001100
11001100
11010101
11000010
11001100
11001100
11010110
11000010
11001100
11001100
11010111
11000010
11001100
11001100
11011000
11000010
11001100
11001100
11011001
11000010
11001100
11001100
11011010
11000010
11001100
11001100
11011011
11000010
11001100
11001100
11011100
11000010
11001100
11001100
11011101
11000010
11001100
11001100
11011110
11000010
11001100
11001100
11011111
11000010
11001100
11001100
11100000
11000010
11001100
11001100
11100001
11000010
11001100
11001100
11100010
11000010
11001100
11001100
11100011
11000010
11001100
11001100
11100100
11000010
11001100
11001100
11100101
11000010
11001100
11001100
11100110
11000010
11001100
11001100
11100111
11000010
11001100
11001100
11101000
11000010
11001100
11001100
11101001
11000010
11001100
11001100
11101010
11000010
11001100
11001100
11101011
11000010
11001100
11001100
11101100
11000010
11001100
11001100
11101101
11000010
11001100
11001100
11101110
11000010
11001100
11001100
11101111
11000010
11001100
11001100
11110000
11000010
11001100
11001100
11110001
11000010
11001100
11001100
11110010
11000010
11001100
11001100
11110011
11000010
11001100
11001100
11110100
11000010
11001100
11001100
11110101
11000010
11001100
11001100
11110110
11000010
11001100
11001100
11110111
11000010
11001100
11001100
11111000
11000010
11001100
11001100
11111001
11000010
11001100
11001100
11111010
11000010
11001100
11001100
11111011
11000010
11001100
11001100
11111100
11000010
11001100
11001100
11111101
11000010
11001100
11001100
11111110
11000010
11001100
11001100
11111111
11001100
11001100
00000000
11000011
11001100
11001100
00000001
11000011
11001100
11001100
00000010
11000011
11001100
11001100
00000011
11000011
11001100
11001100
00000100
11000011
11001100
11001100
00000101
11000011
11001100
11001100
00000110
11000011
11001100
11001100
00000111
11000011
11001100
11001100
00001000
11000011
11001100
11001100
00001001
11000011
11001100
11001100
00001010
11000011
11001100
11001100
00001011
11000011
11001100
11001100
00001100
11000011
11001100
11001100
00001101
11000011
11001100
11001100
00001110
11000011
11001100
11001100
00001111
11000011
11001100
11001100
00010000
11000011
11001100
11001100
00010001
11000011
11001100
11001100
00010010
11000011
11001100
11001100
00010011
11000011
11001100
11001100
00010100
11000011
11001100
11001100
00010101
11000011
11001100
11001100
00010110
11000011
11001100
11001100
00010111
11000011
11001100
11001100
00011000
11000011
11001100
11001100
00011001
11000011
11001100
11001100
00011010
11000011
11001100
11001100
00011011
11000011
11001100
11001100
00011100
11000011
11001100
11001100
00011101
11000011
11001100
11001100
00011110
11000011
11001100
11001100
00011111
11000011
11001100
11001100
00100000
11000011
11001100
11001100
00100001
11000011
11001100
11001100
00100010
11000011
11001100
11001100
00100011
11000011
11001100
11001100
00100100
11000011
11001100
11001100
00100101
11000011
11001100
11001100
00100110
11000011
11001100
11001100
00100111
11000011
11001100
11001100
00101000
11000011
11001100
11001100
00101001
11000011
11001100
11001100
00101010
11000011
11001100
11001100
00101011
11000011
11001100
11001100
00101100
11000011
11001100
11001100
00101101
11000011
11001100
11001100
00101110
11000011
11001100
11001100
00101111
11000011
11001100
11001100
00110000
11000011
11001100
11001100
00110001
11000011
11001100
11001100
00110010
11000011
11001100
11001100
00110011
11000011
11001100
11001100
00110100
11000011
11001100
11001100
00110101
11000011
11001100
11001100
00110110
11000011
11001100
11001100
00110111
11000011
11001100
11001100
00111000
11000011
11001100
11001100
00111001
11000011
11001100
11001100
00111010
11000011
11001100
11001100
00111011
11000011
11001100
11001100
00111100
11000011
11001100
11001100
00111101
11000011
11001100
11001100
00111110
11000011
11001100
11001100
00111111
11000011
11001100
11001100
01000000
11000011
11001100
11001100
01000001
11000011
11001100
11001100
01000010
11000011
11001100
11001100
01000011
11000011
11001100
11001100
01000100
11000011
11001100
11001100
01000101
11000011
11001100
11001100
01000110
11000011
11001100
11001100
01000111
11000011
11001100
11001100
01001000
11000011
11001100
11001100
01001001
11000011
11001100
11001100
01001010
11000011
11001100
11001100
01001011
11000011
11001100
11001100
01001100
11000011
11001100
11001100
01001101
11000011
11001100
11001100
01001110
11000011
11001100
11001100
01001111
11000011
11001100
11001100
01010000
11000011
11001100
11001100
01010001
11000011
11001100
11001100
01010010
11000011
11001100
11001100
01010011
11000011
11001100
11001100
01010100
11000011
11001100
11001100
01010101
11000011
11001100
11001100
01010110
11000011
11001100
11001100
01010111
11000011
11001100
11001100
01011000
11000011
11001100
11001100
01011001
11000011
11001100
11001100
01011010
11000011
11001100
11001100
01011011
11000011
11001100
11001100
01011100
11000011
11001100
11001100
01011101
11000011
11001100
11001100
01011110
11000011
11001100
11001100
01011111
11000011
11001100
11001100
01100000
11000011
11001100
11001100
01100001
11000011
11001100
11001100
01100010
11000011
11001100
11001100
01100011
11000011
11001100
11001100
01100100
11000011
11001100
11001100
01100101
11000011
11001100
11001100
01100110
11000011
11001100
11001100
01100111
11000011
11001100
11001100
01101000
11000011
11001100
11001100
01101001
11000011
11001100
11001100
01101010
11000011
11001100
11001100
01101011
11000011
11001100
11001100
01101100
11000011
11001100
11001100
01101101
11000011
11001100
11001100
01101110
11000011
11001100
11001100
01101111
11000011
11001100
11001100
01110000
11000011
11001100
11001100
01110001
11000011
11001100
11001100
01110010
11000011
11001100
11001100
01110011
11000011
11001100
11001100
01110100
11000011
11001100
11001100
01110101
11000011
11001100
11001100
01110110
11000011
11001100
11001100
01110111
11000011
11001100
11001100
01111000
11000011
11001100
11001100
01111001
11000011
11001100
11001100
01111010
11000011
11001100
11001100
01111011
11000011
11001100
11001100
01111100
11000011
11001100
11001100
01111101
11000011
11001100
11001100
01111110
11000011
11001100
11001100
01111111
11000011
11001100
11001100
10000000
11000011
11001100
11001100
10000001
11000011
11001100
11001100
10000001
11000011
11001100
11001100
10000010
11000011
11001100
11001100
10000011
11000011
11001100
11001100
10000100
11000011
11001100
11001100
10000101
11000011
11001100
11001100
10000110
11000011
11001100
11001100
10000111
11000011
11001100
11001100
10001000
11000011
11001100
11001100
10001001
11000011
11001100
11001100
10001010
11000011
11001100
11001100
10001011
11000011
11001100
11001100
10001100
11000011
11001100
11001100
10001101
11000011
11001100
11001100
10001110
11000011
11001100
11001100
10001111
11000011
11001100
11001100
10010000
11000011
11001100
11001100
10010001
11000011
11001100
11001100
10010010
11000011
11001100
11001100
10010011
11000011
11001100
11001100
10010100
11000011
11001100
11001100
10010101
11000011
11001100
11001100
10010110
11000011
11001100
11001100
10010111
11000011
11001100
11001100
10011000
11000011
11001100
11001100
10011001
11000011
11001100
11001100
10011010
11000011
11001100
11001100
10011011
11000011
11001100
11001100
10011100
11000011
11001100
11001100
10011101
11000011
11001100
11001100
10011110
11000011
11001100
11001100
10011111
11000011
11001100
11001100
10100000
11000011
11001100
11001100
10100001
11000011
11001100
11001100
10100010
11000011
11001100
11001100
10100011
11000011
11001100
11001100
10100100
11000011
11001100
11001100
10100101
11000011
11001100
11001100
10100110
11000011
11001100
11001100
10100111
11000011
11001100
11001100
10101000
11000011
11001100
11001100
10101001
11000011
11001100
11001100
10101010
11000011
11001100
11001100
10101011
11000011
11001100
11001100
10101100
11000011
11001100
11001100
10101101
11000011
11001100
11001100
10101110
11000011
11001100
11001100
10101111
11000011
11001100
11001100
10110000
11000011
11001100
11001100
10110001
11000011
11001100
11001100
10110010
11000011
11001100
11001100
10110011
11000011
11001100
11001100
10110100
11000011
11001100
11001100
10110101
11000011
11001100
11001100
10110110
11000011
11001100
11001100
10110111
11000011
11001100
11001100
10111000
11000011
11001100
11001100
10111001
11000011
11001100
11001100
10111010
11000011
11001100
11001100
10111011
11000011
11001100
11001100
10111100
11000011
11001100
11001100
10111101
11000011
11001100
11001100
10111110
11000011
11001100
11001100
10111111
11000011
11001100
11001100
11000000
11000011
11001100
11001100
11000001
11000011
11001100
11001100
11000010
11000011
11001100
11001100
11000011
11000011
11001100
11001100
11000100
11000011
11001100
11001100
11000101
11000011
11001100
11001100
11000110
11000011
11001100
11001100
11000111
11000011
11001100
11001100
11001000
11000011
11001100
11001100
11001001
11000011
11001100
11001100
11001010
11000011
11001100
11001100
11001011
11000011
11001100
11001100
11001100
11000011
11001100
11001100
11001101
11000011
11001100
11001100
11001110
11000011
11001100
11001100
11001111
11000011
11001100
11001100
11010000
11000011
11001100
11001100
11010001
11000011
11001100
11001100
11010010
11000011
11001100
11001100
11010011
11000011
11001100
11001100
11010100
11000011
11001100
11001100
11010101
11000011
11001100
11001100
11010110
11000011
11001100
11001100
11010111
11000011
11001100
11001100
11011000
11000011
11001100
11001100
11011001
11000011
11001100
11001100
11011010
11000011
11001100
11001100
11011011
11000011
11001100
11001100
11011100
11000011
11001100
11001100
11011101
11000011
11001100
11001100
11011110
11000011
11001100
11001100
11011111
11000011
11001100
11001100
11100000
11000011
11001100
11001100
11100001
11000011
11001100
11001100
11100010
11000011
11001100
11001100
11100011
11000011
11001100
11001100
11100100
11000011
11001100
11001100
11100101
11000011
11001100
11001100
11100110
11000011
11001100
11001100
11100111
11000011
11001100
11001100
11101000
11000011
11001100
11001100
11101001
11000011
11001100
11001100
11101010
11000011
11001100
11001100
11101011
11000011
11001100
11001100
11101100
11000011
11001100
11001100
11101101
11000011
11001100
11001100
11101110
11000011
11001100
11001100
11101111
11000011
11001100
11001100
11110000
11000011
11001100
11001100
11110001
11000011
11001100
11001100
11110010
11000011
11001100
11001100
11110011
11000011
11001100
11001100
11110100
11000011
11001100
11001100
11110101
11000011
11001100
11001100
11110110
11000011
11001100
11001100
11110111
11000011
11001100
11001100
11111000
11000011
11001100
11001100
11111001
11000011
11001100
11001100
11111010
11000011
11001100
11001100
11111011
11000011
11001100
11001100
11111100
11000011
11001100
11001100
11111101
11000011
11001100
11001100
11111110
11000011
11001100
11001100
11111111
11000011
11001100
11001100
00000000
11000100
11001100
11001100
00000001
11000100
11001100
11001100
00000010
11000100
11001100
11001100
00000011
11000100
11001100
11001100
00000100
11000100
11001100
11001100
00000101
11000100
11001100
11001100
00000110
11000100
11001100
11001100
00000111
11000100
11001100
11001100
00001000
11000100
11001100
11001100
00001001
11000100
11001100
11001100
00001010
11000100
11001100
11001100
00001011
11000100
11001100
11001100
00001100
11000100
11001100
11001100
00001101
11000100
11001100
11001100
00001110
11000100
11001100
11001100
00001111
11000100
11001100
11001100
00010000
11000100
11001100
11001100
00010001
11000100
11001100
11001100
00010010
11000100
11001100
11001100
00010011
11000100
11001100
11001100
00010100
11000100
11001100
11001100
00010101
11000100
11001100
11001100
00010110
11000100
11001100
11001100
00010111
11000100
11001100
11001100
00011000
11000100
11001100
11001100
00011001
11000100
11001100
11001100
00011010
11000100
11001100
11001100
00011011
11000100
11001100
11001100
00011100
11000100
11001100
11001100
00011101
11000100
11001100
11001100
00011110
11000100
11001100
11001100
00011111
11000100
11001100
11001100
00100000
11000100
11001100
11001100
00100001
11000100
11001100
11001100
00100010
11000100
11001100
11001100
00100011
11000100
11001100
11001100
00100100
11000100
11001100
11001100
00100101
11000100
11001100
11001100
00100110
11000100
11001100
11001100
00100111
11000100
11001100
11001100
00101000
11000100
11001100
11001100
00101001
11000100
11001100
11001100
00101010
11000100
11001100
11001100
00101011
11000100
11001100
11001100
00101100
11000100
11001100
11001100
00101101
11000100
11001100
11001100
00101110
11000100
11001100
11001100
00101111
11000100
11001100
11001100
00110000
11000100
11001100
11001100
00110001
11000100
11001100
11001100
00110010
11000100
11001100
11001100
00110011
11000100
11001100
11001100
00110100
11000100
11001100
11001100
00110101
11000100
11001100
11001100
00110110
11000100
11001100
11001100
00110111
11000100
11001100
11001100
00111000
11000100
11001100
11001100
00111001
11000100
11001100
11001100
00111010
11000100
11001100
11001100
00111011
11000100
11001100
11001100
00111100
11000100
11001100
11001100
00111101
11000100
11001100
11001100
00111110
11000100
11001100
11001100
00111111
11000100
11001100
11001100
01000000
11000100
11001100
11001100
01000001
11000100
11001100
11001100
01000010
11000100
11001100
11001100
01000011
11000100
11001100
11001100
01000100
11000100
11001100
11001100
01000101
11000100
11001100
11001100
01000110
11000100
11001100
11001100
01000111
11000100
11001100
11001100
01001000
11000100
11001100
11001100
01001001
11000100
11001100
11001100
01001010
11000100
11001100
11001100
01001011
11000100
11001100
11001100
01001100
11000100
11001100
11001100
01001101
11000100
11001100
11001100
01001110
11000100
11001100
11001100
01001111
11000100
11001100
11001100
01010000
11000100
11001100
11001100
01010001
11000100
11001100
11001100
01010010
11000100
11001100
11001100
01010011
11000100
11001100
11001100
01010100
11000100
11001100
11001100
01010101
11000100
11001100
11001100
01010110
11000100
11001100
11001100
01010111
11000100
11001100
11001100
01011000
11000100
11001100
11001100
01011001
11000100
11001100
11001100
01011010
11000100
11001100
11001100
01011011
11000100
11001100
11001100
01011100
11000100
11001100
11001100
01011101
11000100
11001100
11001100
01011110
11000100
11001100
11001100
01011111
11000100
11001100
11001100
01100000
11000100
11001100
11001100
01100001
11000100
11001100
11001100
01100010
11000100
11001100
11001100
01100011
11000100
11001100
11001100
01100100
11000100
11001100
11001100
01100101
11000100
11001100
11001100
01100110
11000100
11001100
11001100
01100111
11000100
11001100
11001100
01101000
11000100
11001100
11001100
01101001
11000100
11001100
11001100
01101010
11000100
11001100
11001100
01101011
11000100
11001100
11001100
01101100
11000100
11001100
11001100
01101101
11000100
11001100
11001100
01101110
11000100
11001100
11001100
01101111
11000100
11001100
11001100
01110000
11000100
11001100
11001100
01110001
11000100
11001100
11001100
01110010
11000100
11001100
11001100
01110011
11000100
11001100
11001100
01110100
11000100
11001100
11001100
01110101
11000100
11001100
11001100
01110110
11000100
11001100
11001100
01110111
11000100
11001100
11001100
01111000
11000100
11001100
11001100
01111001
11000100
11001100
11001100
01111010
11000100
11001100
11001100
01111011
11000100
11001100
11001100
01111100
11000100
11001100
11001100
01111101
11000100
11001100
11001100
01111110
11000100
11001100
11001100
01111111
11000100
11001100
11001100
10000000
11000100
11001100
11001100
10000001
11000100
11001100
11001100
10000010
11000100
11001100
11001100
10000011
11000100
11001100
11001100
10000100
11000100
11001100
11001100
10000101
11000100
11001100
11001100
10000110
11000100
11001100
11001100
10000111
11000100
11001100
11001100
10001000
11000100
11001100
11001100
10001001
11000100
11001100
11001100
10001010
11000100
11001100
11001100
10001011
11000100
11001100
11001100
10001100
11000100
11001100
11001100
10001101
11000100
11001100
11001100
10001110
11000100
11001100
11001100
10001111
11000100
11001100
11001100
10010000
11000100
11001100
11001100
10010001
11000100
11001100
11001100
10010010
11000100
11001100
11001100
10010011
11000100
11001100
11001100
10010100
11000100
11001100
11001100
10010101
11000100
11001100
11001100
10010110
11000100
11001100
11001100
10010111
11000100
11001100
11001100
10011000
11000100
11001100
11001100
10011001
11000100
11001100
11001100
10011010
11000100
11001100
11001100
10011011
11000100
11001100
11001100
10011100
11000100
11001100
11001100
10011101
11000100
11001100
11001100
10011110
11000100
11001100
11001100
10011111
11000100
11001100
11001100
10100000
11000100
11001100
11001100
10100001
11000100
11001100
11001100
10100010
11000100
11001100
11001100
10100011
11000100
11001100
11001100
10100100
11000100
11001100
11001100
10100101
11000100
11001100
11001100
10100110
11000100
11001100
11001100
10100111
11000100
11001100
11001100
10101000
11000100
11001100
11001100
10101001
11000100
11001100
11001100
10101010
11000100
11001100
11001100
10101011
11000100
11001100
11001100
10101100
11000100
11001100
11001100
10101101
11000100
11001100
11001100
10101110
11000100
11001100
11001100
10101111
11000100
11001100
11001100
10110000
11000100
11001100
11001100
10110001
11000100
11001100
11001100
10110010
11000100
11001100
11001100
10110011
11000100
11001100
11001100
10110100
11000100
11001100
11001100
10110101
11000100
11001100
11001100
10110110
11000100
11001100
11001100
10110111
11000100
11001100
11001100
10111000
11000100
11001100
11001100
10111001
11000100
11001100
11001100
10111010
11000100
11001100
11001100
10111011
11000100
11001100
11001100
10111100
11000100
11001100
11001100
10111101
11000100
11001100
11001100
10111110
11000100
11001100
11001100
10111111
11000100
11001100
11001100
11000000
11000100
11001100
11001100
11000001
11000100
11001100
11001100
11000010
11000100
11001100
11001100
11000011
11000100
11001100
11001100
11000100
11000100
11001100
11001100
11000101
11000100
11001100
11001100
11000110
11000100
11001100
11001100
11000111
11000100
11001100
11001100
11001000
11000100
11001100
11001100
11001001
11000100
11001100
11001100
11001010
11000100
11001100
11001100
11001011
11000100
11001100
11001100
11001100
11000100
11001100
11001100
11001101
11000100
11001100
11001100
11001110
11000100
11001100
11001100
11001111
11000100
11001100
11001100
11010000
11000100
11001100
11001100
11010001
11000100
11001100
11001100
11010010
11000100
11001100
11001100
11010011
11000100
11001100
11001100
11010100
11000100
11001100
11001100
11010101
11000100
11001100
11001100
11010110
11000100
11001100
11001100
11010111
11000100
11001100
11001100
11011000
11000100
11001100
11001100
11011001
11000100
11001100
11001100
11011010
11000100
11001100
11001100
11011011
11000100
11001100
11001100
11011100
11000100
11001100
11001100
11011101
11000100
11001100
11001100
11011110
11000100
11001100
11001100
11011111
11000100
11001100
11001100
11100000
11000100
11001100
11001100
11100001
11000100
11001100
11001100
11100010
11000100
11001100
11001100
11100011
11000100
11001100
11001100
11100100
11000100
11001100
11001100
11100101
11000100
11001100
11001100
11100110
11000100
11001100
11001100
11100111
11000100
11001100
11001100
11101000
11000100
11001100
11001100
11101001
11000100
11001100
11001100
11101010
11000100
11001100
11001100
11101011
11000100
11001100
11001100
11101100
11000100
11001100
11001100
11101101
11000100
11001100
11001100
11101110
11000100
11001100
11001100
11101111
11000100
11001100
11001100
11110000
11000100
11001100
11001100
11110001
11000100
11001100
11001100
11110010
11000100
11001100
11001100
11110011
11000100
11001100
11001100
11110100
11000100
11001100
11001100
11110101
11000100
11001100
11001100
11110110
11000100
11001100
11001100
11110111
11000100
11001100
11001100
11111000
11000100
11001100
11001100
11111001
11000100
11001100
11001100
11111010
11000100
11001100
11001100
11111011
11000100
11001100
11001100
11111100
11000100
11001100
11001100
11111101
11000100
11001100
11001100
11111110
11000100
11001100
11001100
11111111
11000100
11001100
11001100
00000000
11000101
11001100
11001100
00000001
11000101
11001100
11001100
00000010
11000101
11001100
11001100
00000011
11000101
11001100
11001100
00000100
11000101
11001100
11001100
00000101
11000101
11001100
11001100
00000110
11000101
11001100
11001100
00000111
11000101
11001100
11001100
00001000
11000101
11001100
11001100
00001001
11000101
11001100
11001100
00001010
11000101
11001100
11001100
00001011
11000101
11001100
11001100
00001100
11000101
11001100
11001100
00001101
11000101
11001100
11001100
00001110
11000101
11001100
11001100
00001111
11000101
11001100
11001100
00010000
11000101
11001100
11001100
00010001
11000101
11001100
11001100
00010010
11000101
11001100
11001100
00010011
11000101
11001100
11001100
00010100
11000101
11001100
11001100
00010101
11000101
11001100
11001100
00010110
11000101
11001100
11001100
00010111
11000101
11001100
11001100
00011000
11000101
11001100
11001100
00011001
11000101
11001100
11001100
00011010
11000101
11001100
11001100
00011011
11000101
11001100
11001100
00011100
11000101
11001100
11001100
00011101
11000101
11001100
11001100
00011110
11000101
11001100
11001100
00011111
11000101
11001100
11001100
00100000
11000101
11001100
11001100
00100001
11000101
11001100
11001100
00100010
11000101
11001100
11001100
00100011
11000101
11001100
11001100
00100100
11000101
11001100
11001100
00100101
11000101
11001100
11001100
00100110
11000101
11001100
11001100
00100111
11000101
11001100
11001100
00101000
11000101
11001100
11001100
00101001
11000101
11001100
11001100
00101010
11000101
11001100
11001100
00101011
11000101
11001100
11001100
00101100
11000101
11001100
11001100
00101101
11000101
11001100
11001100
00101110
11000101
11001100
11001100
00101111
11000101
11001100
11001100
00110000
11000101
11001100
11001100
00110001
11000101
11001100
11001100
00110010
11000101
11001100
11001100
00110011
11000101
11001100
11001100
00110100
11000101
11001100
11001100
00110101
11000101
11001100
11001100
00110110
11000101
11001100
11001100
00110111
11000101
11001100
11001100
00111000
11000101
11001100
11001100
00111001
11000101
11001100
11001100
00111010
11000101
11001100
11001100
00111011
11000101
11001100
11001100
00111100
11000101
11001100
11001100
00111101
11000101
11001100
11001100
00111110
11000101
11001100
11001100
00111111
11000101
11001100
11001100
01000000
11000101
11001100
11001100
01000001
11000101
11001100
11001100
01000010
11000101
11001100
11001100
01000011
11000101
11001100
11001100
01000100
11000101
11001100
11001100
01000101
11000101
11001100
11001100
01000110
11000101
11001100
11001100
01000111
11000101
11001100
11001100
01001000
11000101
11001100
11001100
01001001
11000101
11001100
11001100
01001010
11000101
11001100
11001100
01001011
11000101
11001100
11001100
01001100
11000101
11001100
11001100
01001101
11000101
11001100
11001100
01001110
11000101
11001100
11001100
01001111
11000101
11001100
11001100
01010000
11000101
11001100
11001100
01010001
11000101
11001100
11001100
01010010
11000101
11001100
11001100
01010011
11000101
11001100
11001100
01010100
11000101
11001100
11001100
01010101
11000101
11001100
11001100
01010110
11000101
11001100
11001100
01010111
11000101
11001100
11001100
01011000
11000101
11001100
11001100
01011001
11000101
11001100
11001100
01011010
11000101
11001100
11001100
01011011
11000101
11001100
11001100
01011100
11000101
11001100
11001100
01011101
11000101
11001100
11001100
01011110
11000101
11001100
11001100
01011111
11000101
11001100
11001100
01100000
11000101
11001100
11001100
01100001
11000101
11001100
11001100
01100010
11000101
11001100
11001100
01100011
11000101
11001100
11001100
01100100
11000101
11001100
11001100
01100101
11000101
11001100
11001100
01100110
11000101
11001100
11001100
01100111
11000101
11001100
11001100
01101000
11000101
11001100
11001100
01101001
11000101
11001100
11001100
01101010
11000101
11001100
11001100
01101011
11000101
11001100
11001100
01101100
11000101
11001100
11001100
01101101
11000101
11001100
11001100
01101110
11000101
11001100
11001100
01101111
11000101
11001100
11001100
01110000
11000101
11001100
11001100
01110001
11000101
11001100
11001100
01110010
11000101
11001100
11001100
01110011
11000101
11001100
11001100
01110100
11000101
11001100
11001100
01110101
11000101
11001100
11001100
01110110
11000101
11001100
11001100
01110111
11000101
11001100
11001100
01111000
11000101
11001100
11001100
01111001
11000101
11001100
11001100
01111010
11000101
11001100
11001100
01111011
11000101
11001100
11001100
01111100
11000101
11001100
11001100
01111101
11000101
11001100
11001100
01111110
11000101
11001100
11001100
01111111
11000101
11001100
11001100
10000000
11000101
11001100
11001100
10000001
11000101
11001100
11001100
10000010
11000101
11001100
11001100
10000011
11000101
11001100
11001100
10000100
11000101
11001100
11001100
10000101
11000101
11001100
11001100
10000110
11000101
11001100
11001100
10000111
11000101
11001100
11001100
10001000
11000101
11001100
11001100
10001001
11000101
11001100
11001100
10001010
11000101
11001100
11001100
10001011
11000101
11001100
11001100
10001100
11000101
11001100
11001100
10001101
11000101
11001100
11001100
10001110
11000101
11001100
11001100
10001111
11000101
11001100
11001100
10010000
11000101
11001100
11001100
10010001
11000101
11001100
11001100
10010010
11000101
11001100
11001100
10010011
11000101
11001100
11001100
10010100
11000101
11001100
11001100
10010101
11000101
11001100
11001100
10010110
11000101
11001100
11001100
10010111
11000101
11001100
11001100
10011000
11000101
11001100
11001100
10011001
11000101
11001100
11001100
10011010
11000101
11001100
11001100
10011011
11000101
11001100
11001100
10011100
11000101
11001100
11001100
10011101
11000101
11001100
11001100
10011110
11000101
11001100
11001100
10011111
11000101
11001100
11001100
10100000
11000101
11001100
11001100
10100001
11000101
11001100
11001100
10100010
11000101
11001100
11001100
10100011
11000101
11001100
11001100
10100100
11000101
11001100
11001100
10100101
11000101
11001100
11001100
10100110
11000101
11001100
11001100
10100111
11000101
11001100
11001100
10101000
11000101
11001100
11001100
10101001
11000101
11001100
11001100
10101010
11000101
11001100
11001100
10101011
11000101
11001100
11001100
10101100
11000101
11001100
11001100
10101101
11000101
11001100
11001100
10101110
11000101
11001100
11001100
10101111
11000101
11001100
11001100
10110000
11000101
11001100
11001100
10110001
11000101
11001100
11001100
10110010
11000101
11001100
11001100
10110011
11000101
11001100
11001100
10110100
11000101
11001100
11001100
10110101
11000101
11001100
11001100
10110110
11000101
11001100
11001100
10110111
11000101
11001100
11001100
10111000
11000101
11001100
11001100
10111001
11000101
11001100
11001100
10111010
11000101
11001100
11001100
10111011
11000101
11001100
11001100
10111100
11000101
11001100
11001100
10111101
11000101
11001100
11001100
10111110
11000101
11001100
11001100
10111111
11000101
11001100
11001100
11000000
11000101
11001100
11001100
11000001
11000101
11001100
11001100
11000010
11000101
11001100
11001100
11000011
11000101
11001100
11001100
11000100
11000101
11001100
11001100
11000101
11000101
11001100
11001100
11000110
11000101
11001100
11001100
11000111
11000101
11001100
11001100
11001000
11000101
11001100
11001100
11001001
11000101
11001100
11001100
11001010
11000101
11001100
11001100
11001011
11000101
11001100
11001100
11001100
11000101
11001100
11001100
11001101
11000101
11001100
11001100
11001110
11000101
11001100
11001100
11001111
11000101
11001100
11001100
11010000
11000101
11001100
11001100
11010001
11000101
11001100
11001100
11010010
11000101
11001100
11001100
11010011
11000101
11001100
11001100
11010100
11000101
11001100
11001100
11010101
11000101
11001100
11001100
11010110
11000101
11001100
11001100
11010111
11000101
11001100
11001100
11011000
11000101
11001100
11001100
11011001
11000101
11001100
11001100
11011010
11000101
11001100
11001100
11011011
11000101
11001100
11001100
11011100
11000101
11001100
11001100
11011101
11000101
11001100
11001100
11011110
11000101
11001100
11001100
11011111
11000101
11001100
11001100
11100000
11000101
11001100
11001100
11100001
11000101
11001100
11001100
11100010
11000101
11001100
11001100
11100011
11000101
11001100
11001100
11100100
11000101
11001100
11001100
11100101
11000101
11001100
11001100
11100110
11000101
11001100
11001100
11100111
11000101
11001100
11001100
11101000
11000101
11001100
11001100
11101001
11000101
11001100
11001100
11101010
11000101
11001100
11001100
11101011
11000101
11001100
11001100
11101100
11000101
11001100
11001100
11101101
11000101
11001100
11001100
11101110
11000101
11001100
11001100
11101111
11000101
11001100
11001100
11110000
11000101
11001100
11001100
11110001
11000101
11001100
11001100
11110010
11000101
11001100
11001100
11110011
11000101
11001100
11001100
11110100
11000101
11001100
11001100
11110101
11000101
11001100
11001100
11110110
11000101
11001100
11001100
11110111
11000101
11001100
11001100
11111000
11000101
11001100
11001100
11111001
11000101
11001100
11001100
11111010
11000101
11001100
11001100
11111011
11000101
11001100
11001100
11111100
11000101
11001100
11001100
11111101
11000101
11001100
11001100
11111110
