0000000000000000000000000000000000000000000000000000000000000001
0000000000000000000000000000000000000000000000000000000000000010
0000000000000000000000000000000000000000000000000000000000000100
0000000000000000000000000000000000000000000000000000000000001000
0000000000000000000000000000000000000000000000000000000000010000
0000000000000000000000000000000000000000000000000000000000100000
0000000000000000000000000000000000000000000000000000000001000000
0000000000000000000000000000000000000000000000000000000010000000
0000000000000000000000000000000000000000000000000000000100000001
0000000000000000000000000000000000000000000000000000001000000010
0000000000000000000000000000000000000000000000000000010000000100
0000000000000000000000000000000000000000000000000000100000001000
0000000000000000000000000000000000000000000000000001000000010000
0000000000000000000000000000000000000000000000000010000000100000
0000000000000000000000000000000000000000000000000100000001000000
0000000000000000000000000000000000000000000000001000000010000000
0000000000000000000000000000000000000000000000010000000100000001
0000000000000000000000000000000000000000000000100000001000000010
0000000000000000000000000000000000000000000001000000010000000100
0000000000000000000000000000000000000000000010000000100000001000
0000000000000000000000000000000000000000000100000001000000010000
0000000000000000000000000000000000000000001000000010000000100000
0000000000000000000000000000000000000000010000000100000001000000
0000000000000000000000000000000000000000100000001000000010000000
0000000000000000000000000000000000000001000000010000000100000001
0000000000000000000000000000000000000010000000100000001000000010
0000000000000000000000000000000000000100000001000000010000000100
0000000000000000000000000000000000001000000010000000100000001000
0000000000000000000000000000000000010000000100000001000000010000
0000000000000000000000000000000000100000001000000010000000100000
0000000000000000000000000000000001000000010000000100000001000000
0000000000000000000000000000000010000000100000001000000010000000
0000000000000000000000000000000100000001000000010000000100000001
0000000000000000000000000000001000000010000000100000001000000010
0000000000000000000000000000010000000100000001000000010000000100
0000000000000000000000000000100000001000000010000000100000001000
0000000000000000000000000001000000010000000100000001000000010000
0000000000000000000000000010000000100000001000000010000000100000
0000000000000000000000000100000001000000010000000100000001000000
0000000000000000000000001000000010000000100000001000000010000000
0000000000000000000000010000000100000001000000010000000100000001
0000000000000000000000100000001000000010000000100000001000000010
0000000000000000000001000000010000000100000001000000010000000100
0000000000000000000010000000100000001000000010000000100000001000
0000000000000000000100000001000000010000000100000001000000010000
0000000000000000001000000010000000100000001000000010000000100000
0000000000000000010000000100000001000000010000000100000001000000
0000000000000000100000001000000010000000100000001000000010000000
0000000000000001000000010000000100000001000000010000000100000001
0000000000000010000000100000001000000010000000100000001000000010
0000000000000100000001000000010000000100000001000000010000000100
0000000000001000000010000000100000001000000010000000100000001000
0000000000010000000100000001000000010000000100000001000000010000
0000000000100000001000000010000000100000001000000010000000100000
0000000001000000010000000100000001000000010000000100000001000000
0000000010000000100000001000000010000000100000001000000010000000
0000000100000001000000010000000100000001000000010000000100000001
0000001000000010000000100000001000000010000000100000001000000010
0000010000000100000001000000010000000100000001000000010000000100
0000100000001000000010000000100000001000000010000000100000001000
0001000000010000000100000001000000010000000100000001000000010000
0010000000100000001000000010000000100000001000000010000000100000
0100000001000000010000000100000001000000010000000100000001000000
1000000010000000100000001000000010000000100000001000000010000000
0110000001100000011000000110000001100000011000000110000001100000
0001100000011000000110000001100000011000000110000001100000011000
0000011000000110000001100000011000000110000001100000011000000110
1000000110000001100000011000000110000001100000011000000110000001
0110000001100000011000000110000001100000011000000110000001100000
0001100000011000000110000001100000011000000110000001100000011000
0000011000000110000001100000011000000110000001100000011000000110
1000000110000001100000011000000110000001100000011000000110000001
0110000001100000011000000110000001100000011000000110000001100000
0001100000011000000110000001100000011000000110000001100000011000
0000011000000110000001100000011000000110000001100000011000000110
0000001100000011000000110000001100000011000000110000001100000010
1100000011000000110000001100000011000000110000001100000011000000
0011000000011000000110000001100000011000000110000001100000011000
0000110000000110000001100000011000000110000001100000011000000110
0000001100000001100000011000000110000001100000011000000110000001
1000000011000000011000000110000001100000011000000110000001100000
0110000000110000000110000001100000011000000110000001100000110000
0001100000001100000001100000011000000110000000110000001100000011
0000011000000011000000011000000110000001100000001100000011000001
1000000110000000110000000110000001100000011000000011000000110000
0110000001100000001100000001100000011000000110000000110000001100
0001100000011000000011000000011000000110000001100000001100000011
0000011000000110000000110000000110000001100000011000000011000000
0000000110000001100000001100000001100000011000000110000000110000
1000000001100000011000000011000000011000000110000001100000001100
0110000000011000000110000000110000000110000001100000011000000011
0001100000000110000001100000001100000001100000011000000110000001
0000011000000001100000011000000011000000011000000110000001100000
1000000110000000011000000110000000110000000110000001100000011000
0110000001100000000110000001100000001100000001100000011000000110
0001100000011000000001100000011000000011000000011000000110000001
1000000111000000111000000111000000111000000111000000111000000111
0000111000000111000000111000000111000000111000000111000000111000
0111000000111000000111000000111000000111000000111000000111000000
1000000111000000111000000111000000111000000111000000111000000111
0000111000000111000000111000000111000000111000000111000000111000
0111000000111000000111000000111000000111000000111000000111000000
1000000111000000111000000111000000111000000111000000111000000111
0000111000000111000000111000000111000000111000000111000000111000
0111000000111000000111000000111000000111000000111000000111000000
1000000111000000111000000111000000111000000111000000111000000111
0000111000000111000000111000000111000000111000000111000000111000
0111000000111000000111000000111000000111000000111000000111000000
1000000111000000111000000111000000111000000111000000111000000111
0000111000000111000000111000000111000000111000000111000000111000
0111000000111000000111000000111000000111000000111000000111000000
1000000111000000111000000111000000111000000111000000111000000111
0000111000000111000000111000000111000000111000000111000000111000
0111000000111000000111000000111000000111000000111000000111000000
1000000111000000111000000111000000111000000111000000111000000111
0000111000000111000000111000000111000000111000000111000000111000
0111000000111000000111000000111000000111000000111000000111000000
0000111100000111100000111100000111100000111100000111100000111100
1100000111100000011110000011110000011110000011110000011110000011
0011110000011110000001111000001111000001111000001111000001111000
1000001111000001111000000111100000111100000111100000111100000111
0111100000111100000111100000011110000011110000011110000011110000
