00001110
00011100
00101000
00110000 x0
01000000 x0
01010001
01100010
01110011
00000100
00010101
00100110
00110111
01000000
01010001
01100010
01110011
10000100 8x
10000101 8x
10010110
10100111
10111000 x8
11001000 x8
11011001
11101010
11111011
00001100 0x
00001101 0x
00011110
00101111
00110000 x0
01000000 x0
01010001
01100010
01110011
10000100
01010001
01100010
01110011
10000100
10010101 9x
10010110 9x 
10100111
10111000
11001001 x9
11011001 x9
11101010
10100110
10110111
11001000
11011001
11101010
11111011
00001100
00011101
11111011 fx
11111100 fx
00001101
00011110
00101111 xf
00111111 xf
10100110
10110111
11001000
11011001
11101010
11111011
00001100
00011101
10110111
11001000
11011001
11101010
11111011
00001100
00011101
01000000 4x
01000001 4x
01010010
01100011
01110100 x4
10000100 x4
10010101
10100110
10110111
11001000
11011001
11101010
11111011
00001100
00011101
00101110
00111111
01000000
01010001
01100010
01110011
10000100
10010101
10100110
10110111
11001000
11011001
11101010
11111011
00001100
00011101 1x
00011110 1x
00111111
01000000
01010001
01100010
01110011
10000100
10010101 x5
10110101 x5
10100110
10110111
11001000
11011001
11101010
11111011
00001100
00011101
00101110
00111111
01000000
01010001
01100010
01110011
10000100
10010101
10100110
10110111
11001000
11011001
11101010
11111011
00001100
00011101
00101110
00111111
01000000
01010001
01100010
01110011
10000100
10010101
10100110
10110111
11001000
11011001
11101010
11111011
00001100
00011101
00101110
00111111
01000000
01010001
01100010
01110011
10000100
10010101
10100110
10110111
11001000
11011001
11101010
11111011
00001100
00011101
00101110
00111111
01000000
01010001
01100010
01110011
10000100
10010101
10100110
10110111
11001000
11011001
11101010
11111011
00001100
00011101
00101110
00111111
01000000
01010001
01100010
01110011
10000100
10010101
10100110
10110111
11001000
11011001
11101010
11111011
00001100
00011101
00101110
00111111
01000000
01010001
01100010
01110011
10000100
10010101
10100110
10110111
11001000
11011001
11101010
11111011
00001100
00011101
00101110
00111111
01000000
01010001
01100010
01110011
10000100
10010101
10100110
10110111
11001000
11011001
11101010
11111011
00001100
00011101
00101110
00111111
01000000
01010001
01100010
01110011
10000100
10010101
10100110
10110111
11001000
11011001
11101010
11111011
00001100
00011101
00101110
00111111
01000000
01010001
01100010
01110011
10000100
10010101
10100110
10110111
11001000
11011001
11101010
11111011
00001100
00011101
00101110
00111111
01000000
01010001
01100010
01110011
10000100
10010101
10100110
10110111
11001000
11011001
11101010
11111011
00001100
00011101
00101110
00111111
01000000
01010001
01100010
01110011
10000100
10010101
10100110
10110111
11001000
11011001
11101010
11111011
00001100
00011101
00101110
00111111
01000000
01010001
01100010
01110011
10000100
10010101
10100110
10110111
11001000
11011001
11101010
11111011
00001100
00011101
00101110
00111111
01000000
01010001
01100010
01110011
10000100
10010101
10100110
10110111
11001000
11011001
11101010
11111011
00001100
00011101
00101110
00111111
01000000
01010001
01100010
01110011
10000100
10010101
10100110
10110111
11001000
11011001
11101010
11111011
00001100
00011101
00101110
00111111
01000000
01010001
01100010
01110011
10000100
10010101
10100110
10110111
11001000
11011001
11101010
11111011
00001100
00011101
00101110
00111111
01000000
01010001
01100010
01110011
10000100
10010101
10100110
10110111
11001000
11011001
11101010
11111011
00001100
00011101
00101110
00111111
00110000
01000001
01010010
01100011
01110011
10000100
10010101
10100110
10110111
11001000
11011001
11101010
11111011
00001100
00011101
00101110
00111111
01000000
01010001
01100010
01110011
10000100
10000101
10010110
10100111
10111000
11001000
11011001
11101010
11111011
00001100
00011101
00101110
00111111
01000000
01010001
01100010
01110011
10000100
10010101
10100110
10110111
11001000
11011001
11101010
11111011
00001100
00011101
00101110
00111111
01000000
01010001
01100010
01110011
10000100
10010101
10100110
10110111
11001000
11011001
11101010
11111011
00001100
00011101
00101110
00111111
01000000
01010001
01100010
01110011
10000100
10010101
10100110
10110111
11001000
11011001
11101010
11111011
00001100
00011101
00101110
00111111
01000000
01010001
01100010
01110011
10000100
10010101
10100110
10110111
11001000
11011001
11101010
11111011
00001100
00011101
00101110
00111111
01000000
01010001
01100010
01110011
10000100
10010101
10100110
10110111
11001000
11011001
11101010
11111011
00001100111011011100111010001111